   90.000000    0.000000
   90.561874    0.000000
   91.123749    0.000000
   91.685616    0.000000
   92.247490    0.000000
   92.809364    0.000000
   93.371239    0.000000
   93.933113    0.000000
   94.494980    0.000000
   95.056854    0.000000
   95.618729    0.000000
   96.180603    0.000000
   96.742477    0.000000
   97.304344    0.000000
   97.866219    0.000000
   98.428093    0.000000
   98.989967    0.000000
   99.551842    0.000000
  100.113716    0.000000
  100.675583    0.000000
  101.237457    0.000000
  101.799332    0.000000
  102.361206    0.000000
  102.923080    0.000000
  103.484947    0.000000
  104.046822    0.000000
  104.608696    0.000000
  105.170570    0.000000
  105.732445    0.000000
  106.294312    0.000000
  106.856186    0.000000
  107.418060    0.000000
  107.979935    0.000000
  108.541809    0.000000
  109.103676    0.000000
  109.665550    0.000000
  110.227425    0.000000
  110.789299    0.000000
  111.351173    0.000000
  111.913048    0.000000
  112.474915    0.000000
  113.036789    0.000000
  113.598663    0.000000
  114.160538    0.000000
  114.722412    0.000000
  115.284279    0.000000
  115.846153    0.000000
  116.408028    0.000000
  116.969902    0.000000
  117.531776    0.000000
  118.093643    0.000000
  118.655518    0.000000
  119.217392    0.000000
  119.779266    0.000000
  120.341141    0.000000
  120.903008    0.000000
  121.464882    0.000000
  122.026756    0.000000
  122.588631    0.000000
  123.150505    0.000000
  123.712379    0.000000
  124.274246    0.000000
  124.836121    0.000000
  125.397995    0.000000
  125.959869    0.000000
  126.521744    0.000000
  127.083611    0.000000
  127.645485    0.000000
  128.207352    0.000000
  128.769226    0.000000
  129.331100    0.000000
  129.892975    0.000000
  130.454849    0.000000
  131.016724    0.000000
  131.578598    0.000000
  132.140472    0.000000
  132.702347    0.000000
  133.264221    0.000000
  133.826096    0.000000
  134.387955    0.000000
  134.949829    0.000000
  135.511703    0.000000
  136.073578    0.000000
  136.635452    0.000000
  137.197327    0.000000
  137.759201    0.000000
  138.321075    0.000000
  138.882950    0.000000
  139.444824    0.000000
  140.006683    0.000000
  140.568558    0.000000
  141.130432    0.000000
  141.692307    0.000000
  142.254181    0.000000
  142.816055    0.000000
  143.377930    0.000000
  143.939804    0.000000
  144.501678    0.000000
  145.063553    0.000000
  145.625412    0.000000
  146.187286    0.000000
  146.749161    0.000000
  147.311035    0.000000
  147.872910    0.000000
  148.434784    0.000000
  148.996658    0.000000
  149.558533    0.000000
  150.120407    0.000000
  150.682281    0.000000
  151.244141    0.000000
  151.806015    0.000000
  152.367889    0.000000
  152.929764    0.000000
  153.491638    0.000000
  154.053513    0.000000
  154.615387    0.000000
  155.177261    0.000000
  155.739136    0.000000
  156.301010    0.000000
  156.862885    0.000000
  157.424759    0.000000
  157.986618    0.000000
  158.548492    0.000000
  159.110367    0.000000
  159.672241    0.000000
  160.234116    0.000000
  160.795990    0.000000
  161.357864    0.000000
  161.919739    0.000000
  162.481613    0.000000
  163.043488    0.000000
  163.605347    0.000000
  164.167221    0.000000
  164.729095    0.000000
  165.290970    0.000000
  165.852844    0.000000
  166.414719    0.000000
  166.976593    0.000000
  167.538467    0.000000
  168.100342    0.000000
  168.662216    0.000000
  169.224075    0.000000
  169.785950    0.000000
  170.347824    0.000000
  170.909698    0.000000
  171.471573    0.000000
  172.033447    0.000000
  172.595322    0.000000
  173.157196    0.000000
  173.719070    0.637653
  174.280945    0.000000
  174.842819    0.000000
  175.404678    0.000000
  175.966553    0.000000
  176.528427    0.000000
  177.090302    0.000000
  177.652176    0.000000
  178.214050    0.000000
  178.775925    0.000000
  179.337799    0.000000
  179.899673    0.000000
  180.461548    0.000000
  181.023407    0.000000
  181.585281    0.000000
  182.147156    0.000000
  182.709030    0.000000
  183.270905    0.000000
  183.832779    0.000000
  184.394653    0.000000
  184.956528    0.000000
  185.518402    0.000000
  186.080276    0.000000
  186.642136    0.000000
  187.204010    0.000000
  187.765884    0.000000
  188.327759    0.000000
  188.889633    0.000000
  189.451508    0.000000
  190.013382    0.000000
  190.575256    0.000000
  191.137131    0.000000
  191.699005    0.000000
  192.260864    0.000000
  192.822739    0.000000
  193.384613    0.000000
  193.946487    0.000000
  194.508362    0.000000
  195.070236    0.000000
  195.632111    0.000000
  196.193985    0.000000
  196.755859    0.000000
  197.317734    0.000000
  197.879608    0.000000
  198.441467    0.000000
  199.003342    0.000000
  199.565216    0.000000
  200.127090    0.000000
  200.688965    0.000000
  201.250839    0.000000
  201.812714    0.000000
  202.374588    0.000000
  202.936462    0.000000
  203.498337    0.000000
  204.060196    0.000000
  204.622070    0.000000
  205.183945    0.000000
  205.745819    0.000000
  206.307693    0.000000
  206.869568    0.000000
  207.431442    0.000000
  207.993317    0.000000
  208.555191    0.000000
  209.117065    0.000000
  209.678925    0.000000
  210.240799    0.000000
  210.802673    0.000000
  211.364548    0.000000
  211.926422    0.000000
  212.488297    0.000000
  213.050171    0.000000
  213.612045    0.000000
  214.173920    0.000000
  214.735794    0.000000
  215.297653    0.000000
  215.859528    0.000000
  216.421402    0.000000
  216.983276    0.000000
  217.545151    0.000000
  218.107025    0.000000
  218.668900    0.000000
  219.230774    0.000000
  219.792633    0.000000
  220.354507    0.000000
  220.916382    0.000000
  221.478256    0.000000
  222.040131    0.000000
  222.602005    0.000000
  223.163879    0.000000
  223.725754    0.000000
  224.287628    0.000000
  224.849503    0.000000
  225.411362    0.000000
  225.973236    0.000000
  226.535110    0.000000
  227.096985    0.000000
  227.658859    0.000000
  228.220734    0.000000
  228.782608    0.000000
  229.344482    0.000000
  229.906357    0.000000
  230.468231    0.000000
  231.030090    0.000000
  231.591965    0.000000
  232.153839    0.000000
  232.715714    0.000000
  233.277588    0.000000
  233.839462    0.000000
  234.401337    0.000000
  234.963211    0.000000
  235.525085    0.000000
  236.086960    0.000000
  236.648834    0.000000
  237.210693    0.000000
  237.772568    0.000000
  238.334442    0.000000
  238.896317    0.000000
  239.458191    0.000000
  240.020065    0.000000
  240.581940    0.000000
  241.143814    0.000000
  241.705688    0.000000
  242.267563    0.000000
  242.829422    0.000000
  243.391296    0.000000
  243.953171    0.000000
  244.515045    0.000000
  245.076920    0.000000
  245.638794    0.000000
  246.200668    0.000000
  246.762543    0.000000
  247.324417    0.000000
  247.886292    0.000000
  248.448151    0.000000
  249.010025    0.000000
  249.571899    0.000000
  250.133774    0.000000
  250.695648    0.000000
  251.257523    0.000000
  251.819397    0.000000
  252.381271    0.000000
  252.943146    0.000000
  253.505020    0.000000
  254.066879    0.000000
  254.628754    0.000000
  255.190628    0.000000
  255.752502    0.000000
  256.314392    0.000000
  256.876251    0.000000
  257.438141    0.000000
  258.000000    0.000000
