 ================================================================================
                            ISO FILTER: LW02
     Institut d'Astrophysique Spatiale, Orsay http://wwwfirback.ias.u-psud.fr   
 ================================================================================
 This is the file LW02.DAT written by H. Dole on Tue Mar 14 12:04:34 2000
 
   4.50000   0.00507180
   4.60000   0.00570400
   4.70000   0.00692720
   4.80000   0.03621626
   4.90000   0.14774999
   5.00000   0.27531898
   5.10000   0.38238174
   5.20000   0.34649810
   5.30000   0.40119100
   5.40000   0.42612812
   5.50000   0.40486473
   5.60000   0.44766819
   5.70000   0.41138613
   5.80000   0.39728016
   5.90000   0.37259999
   6.00000   0.37783197
   6.10000   0.41951627
   6.20000   0.43504483
   6.30000   0.42913753
   6.40000   0.47024998
   6.50000   0.49103016
   6.60000   0.49133006
   6.70000   0.52405190
   6.80000   0.55354273
   6.90000   0.53195995
   7.00000   0.52520478
   7.10000   0.54436678
   7.20000   0.61646807
   7.30000   0.60262328
   7.40000   0.60230196
   7.50000   0.56866533
   7.60000   0.60833037
   7.70000   0.59063298
   7.80000   0.54746890
   7.90000   0.54242623
   8.00000   0.58886790
   8.10000   0.59684187
   8.20000   0.60320151
   8.30000   0.52559626
   8.40000   0.18113115
   8.50000   0.06196992
   8.60000   0.01344251
   8.70000   0.04045835
   8.80000   0.02198580
   8.90000   0.00169667
   9.00000   0.03081732
   9.10000   0.01856716
   9.20000   0.01030793
   9.30000   0.01118288
   9.40000   0.00000000
   9.50000   0.00000000
   9.60000   0.00000000
   9.70000   0.00000000
   9.80000   0.00000000
   9.90000   0.00000000
  10.00000   0.00000000
  10.10000   0.00000000
  10.20000   0.00000000
  10.30000   0.00000000
  10.40000   0.00000000
  10.50000   0.00000000
  10.60000   0.00000000
  10.70000   0.00000000
  10.80000   0.00000000
  10.90000   0.00000000
  11.00000   0.00000000
  11.10000   0.00000000
  11.20000   0.00000000
  11.30000   0.00000000
  11.40000   0.00000000
  11.50000   0.00000000
  11.60000   0.00000000
  11.70000   0.00000000
  11.80000   0.00000000
  11.90000   0.00000000
  12.00000   0.00000000
  12.10000   0.00000000
  12.20000   0.00000000
  12.30000   0.00000000
  12.40000   0.00000000
  12.50000   0.00000000
  12.60000   0.00000000
  12.70000   0.00000000
  12.80000   0.00000000
  12.90000   0.00000000
  13.00000   0.00000000
  13.10000   0.00000000
  13.20000   0.00000000
  13.30000   0.00000000
  13.40000   0.00000000
  13.50000   0.00000000
  13.60000   0.00000000
  13.70000   0.00000000
  13.80000   0.00000000
  13.90000   0.00000000
  14.00000   0.00000000
  14.10000   0.00000000
  14.20000   0.00000000
  14.30000   0.00000000
  14.40000   0.00000000
  14.50000   0.00000000
  14.60000   0.00000000
  14.70000   0.00000000
  14.80000   0.00000000
  14.90000   0.00000000
  15.00000   0.00000000
  15.10000   0.00000000
  15.20000   0.00000000
  15.30000   0.00000000
  15.40000   0.00000000
  15.50000   0.00000000
  15.60000   0.00000000
  15.70000   0.00000000
  15.80000   0.00000000
  15.90000   0.00000000
  16.00000   0.00000000
  16.10000   0.00000000
  16.20000   0.00000000
  16.30000   0.00000000
  16.40000   0.00000000
  16.50000   0.00000000
  16.60000   0.00000000
  16.70000   0.00000000
  16.80000   0.00000000
  16.90000   0.00000000
  17.00000   0.00000000
  17.10000   0.00000000
  17.20000   0.00000000
  17.30000   0.00000000
  17.40000   0.00000000
  17.50000   0.00000000
  17.60000   0.00000000
  17.70000   0.00000000
  17.80000   0.00000000
  17.90000   0.00000000
  18.00000   0.00000000
  18.10000   0.00000000
  18.20000   0.00000000
  18.30000   0.00000000
  18.40000   0.00000000
  18.50000   0.00000000
  18.60000   0.00000000
  18.70000   0.00000000
  18.80000   0.00000000
  18.90000   0.00000000
  19.00000   0.00000000
  19.10000   0.00000000
  19.20000   0.00000000
  19.30000   0.00000000
  19.40000   0.00000000
  19.50000   0.00000000
  19.60000   0.00000000
  19.70000   0.00000000
  19.80000   0.00000000
  19.90000   0.00000000
  20.00000   0.00000000
  20.10000   0.00000000
  20.20000   0.00000000
  20.30000   0.00000000
  20.40000   0.00000000
  20.50000   0.00000000
  20.60000   0.00000000
  20.70000   0.00000000
  20.80000   0.00000000
  20.90000   0.00000000
  21.00000   0.00000000
  21.10000   0.00000000
  21.20000   0.00000000
  21.30000   0.00000000
  21.40000   0.00000000
  21.50000   0.00000000
  21.60000   0.00000000
  21.70000   0.00000000
  21.80000   0.00000000
  21.90000   0.00000000
  22.00000   0.00000000
  22.10000   0.00000000
  22.20000   0.00000000
  22.30000   0.00000000
  22.40000   0.00000000
  22.50000   0.00000000
  22.60000   0.00000000
  22.70000   0.00000000
  22.80000   0.00000000
  22.90000   0.00000000
  23.00000   0.00000000
  23.10000   0.00000000
  23.20000   0.00000000
  23.30000   0.00000000
  23.40000   0.00000000
  23.50000   0.00000000
  23.60000   0.00000000
  23.70000   0.00000000
  23.80000   0.00000000
  23.90000   0.00000000
  24.00000   0.00000000
  24.10000   0.00000000
  24.20000   0.00000000
  24.30000   0.00000000
  24.40000   0.00000000
  24.50000   0.00000000
  24.60000   0.00000000
 
 
 this file was generated with filters_cam.pro
