 ================================================================================
                            ISO FILTER: LW08
     Institut d'Astrophysique Spatiale, Orsay http://wwwfirback.ias.u-psud.fr   
 ================================================================================
 This is the file LW08.DAT written by H. Dole on Tue Mar 14 12:04:34 2000
 
   9.95000   0.00439500
  10.00000   0.00440654
  10.05000   0.00618532
  10.10000   0.00620148
  10.15000   0.00888235
  10.20000   0.01292541
  10.25000   0.00862427
  10.30000   0.01553332
  10.35000   0.00590047
  10.40000   0.03784768
  10.45000   0.05244570
  10.50000   0.07174780
  10.55000   0.10631181
  10.60000   0.16231272
  10.65000   0.23377556
  10.70000   0.36254203
  10.75000   0.49486375
  10.80000   0.58986640
  10.85000   0.74156404
  10.90000   0.75016737
  10.95000   0.72589630
  11.00000   0.72510058
  11.05000   0.72532928
  11.10000   0.68007815
  11.15000   0.65123123
  11.20000   0.64717185
  11.25000   0.75218153
  11.30000   0.75451875
  11.35000   0.80585706
  11.40000   0.80932969
  11.45000   0.82327032
  11.50000   0.79408723
  11.55000   0.79628718
  11.60000   0.77546448
  11.65000   0.67927718
  11.70000   0.66890109
  11.75000   0.68783605
  11.80000   0.70991755
  11.85000   0.66184127
  11.90000   0.55824214
  11.95000   0.39071748
  12.00000   0.26887080
  12.05000   0.16718079
  12.10000   0.08139846
  12.15000   0.07087368
  12.20000   0.06037510
  12.25000   0.05302164
  12.30000   0.02076660
  12.35000   0.03007358
  12.40000   0.01760707
  12.45000   0.00000000
  12.50000   0.00000000
  12.55000   0.00000000
  12.60000   0.00000000
  12.65000   0.00000000
  12.70000   0.00000000
  12.75000   0.00000000
  12.80000   0.00000000
  12.85000   0.00000000
  12.90000   0.00000000
  12.95000   0.00000000
  13.00000   0.00000000
  13.05000   0.00000000
  13.10000   0.00000000
  13.15000   0.00000000
  13.20000   0.00000000
  13.25000   0.00000000
  13.30000   0.00000000
  13.35000   0.00000000
  13.40000   0.00000000
  13.45000   0.00000000
  13.50000   0.00000000
  13.55000   0.00000000
  13.60000   0.00000000
  13.65000   0.00000000
  13.70000   0.00000000
  13.75000   0.00000000
  13.80000   0.00000000
  13.85000   0.00000000
  13.90000   0.00000000
  13.95000   0.00000000
  14.00000   0.00000000
  14.05000   0.00000000
  14.10000   0.00000000
  14.15000   0.00000000
  14.20000   0.00000000
  14.25000   0.00000000
  14.30000   0.00000000
  14.35000   0.00000000
  14.40000   0.00000000
  14.45000   0.00000000
  14.50000   0.00000000
  14.55000   0.00000000
  14.60000   0.00000000
  14.65000   0.00000000
  14.70000   0.00000000
  14.75000   0.00000000
  14.80000   0.00000000
  14.85000   0.00000000
  14.90000   0.00000000
  14.95000   0.00000000
  15.00000   0.00000000
  15.05000   0.00000000
  15.10000   0.00000000
  15.15000   0.00000000
  15.20000   0.00000000
  15.25000   0.00000000
  15.30000   0.00000000
  15.35000   0.00000000
  15.40000   0.00000000
  15.45000   0.00000000
  15.50000   0.00000000
  15.55000   0.00000000
  15.60000   0.00000000
  15.65000   0.00000000
  15.70000   0.00000000
  15.75000   0.00000000
  15.80000   0.00000000
  15.85000   0.00000000
  15.90000   0.00000000
  15.95000   0.00000000
  16.00000   0.00000000
  16.05000   0.00000000
  16.10000   0.00000000
  16.15000   0.00000000
  16.20000   0.00000000
  16.25000   0.00000000
  16.30000   0.00000000
  16.35000   0.00000000
  16.40000   0.00000000
  16.45000   0.00000000
  16.50000   0.00000000
  16.55000   0.00000000
  16.60000   0.00000000
  16.65000   0.00000000
  16.70000   0.00000000
  16.75000   0.00000000
  16.80000   0.00000000
  16.85000   0.00000000
  16.90000   0.00000000
  16.95000   0.00000000
  17.00000   0.00000000
  17.05000   0.00000000
  17.10000   0.00000000
  17.15000   0.00000000
  17.20000   0.00000000
  17.25000   0.00000000
  17.30000   0.00000000
  17.35000   0.00000000
  17.40000   0.00000000
  17.45000   0.00000000
  17.50000   0.00000000
  17.55000   0.00000000
  17.60000   0.00000000
  17.65000   0.00000000
  17.70000   0.00000000
  17.75000   0.00000000
  17.80000   0.00000000
  17.85000   0.00000000
  17.90000   0.00000000
  17.95000   0.00000000
  18.00000   0.00000000
  18.05000   0.00000000
  18.10000   0.00000000
  18.15000   0.00000000
  18.20000   0.00000000
  18.25000   0.00000000
  18.30000   0.00000000
  18.35000   0.00000000
  18.40000   0.00000000
  18.45000   0.00000000
  18.50000   0.00000000
  18.55000   0.00000000
  18.60000   0.00000000
  18.65000   0.00000000
  18.70000   0.00000000
  18.75000   0.00000000
  18.80000   0.00000000
  18.85000   0.00000000
  18.90000   0.00000000
  18.95000   0.00000000
  19.00000   0.00000000
  19.05000   0.00000000
  19.10000   0.00000000
  19.15000   0.00000000
  19.20000   0.00000000
  19.25000   0.00000000
  19.30000   0.00000000
  19.35000   0.00000000
  19.40000   0.00000000
  19.45000   0.00000000
  19.50000   0.00000000
  19.55000   0.00000000
  19.60000   0.00000000
  19.65000   0.00000000
  19.70000   0.00000000
  19.75000   0.00000000
  19.80000   0.00000000
  19.85000   0.00000000
  19.90000   0.00000000
  19.95000   0.00000000
  20.00000   0.00000000
 
 
 this file was generated with filters_cam.pro
