 ================================================================================
                         FILTER: MM 3000 microns
    Institut d'Astrophysique Spatiale, Orsay http://wwwfirback.ias.u-psud.fr   
 ================================================================================
 This is the file MM_3000.DAT written by H. Dole on Sun Sep 24 17:02:59 2000
 
2550.00000   0.00000000
2551.00000   0.00000000
2552.00000   0.00000000
2553.00000   0.00000000
2554.00000   0.00000000
2555.00000   0.00000000
2556.00000   0.00000000
2557.00000   0.00000000
2558.00000   0.00000000
2559.00000   0.00000000
2560.00000   0.00000000
2561.00000   0.00000000
2562.00000   0.00000000
2563.00000   0.00000000
2564.00000   0.00000000
2565.00000   0.00000000
2566.00000   0.00000000
2567.00000   0.00000000
2568.00000   0.00000000
2569.00000   0.00000000
2570.00000   0.00000000
2571.00000   0.00000000
2572.00000   0.00000000
2573.00000   0.00000000
2574.00000   0.00000000
2575.00000   0.00000000
2576.00000   0.00000000
2577.00000   0.00000000
2578.00000   0.00000000
2579.00000   0.00000000
2580.00000   0.00000000
2581.00000   0.00000000
2582.00000   0.00000000
2583.00000   0.00000000
2584.00000   0.00000000
2585.00000   0.00000000
2586.00000   0.00000000
2587.00000   0.00000000
2588.00000   0.00000000
2589.00000   0.00000000
2590.00000   0.00000000
2591.00000   0.00000000
2592.00000   0.00000000
2593.00000   0.00000000
2594.00000   0.00000000
2595.00000   0.00000000
2596.00000   0.00000000
2597.00000   0.00000000
2598.00000   0.00000000
2599.00000   0.00000000
2600.00000   0.00000000
2601.00000   0.00000000
2602.00000   0.00000000
2603.00000   0.00000000
2604.00000   0.00000000
2605.00000   0.00000000
2606.00000   0.00000000
2607.00000   0.00000000
2608.00000   0.00000000
2609.00000   0.00000000
2610.00000   0.00000000
2611.00000   0.00000000
2612.00000   0.00000000
2613.00000   0.00000000
2614.00000   0.00000000
2615.00000   0.00000000
2616.00000   0.00000000
2617.00000   0.00000000
2618.00000   0.00000000
2619.00000   0.00000000
2620.00000   0.00000000
2621.00000   0.00000000
2622.00000   0.00000000
2623.00000   0.00000000
2624.00000   0.00000000
2625.00000   0.00000000
2626.00000   0.00000000
2627.00000   0.00000000
2628.00000   0.00000000
2629.00000   0.00000000
2630.00000   0.00000000
2631.00000   0.00000000
2632.00000   0.00000000
2633.00000   0.00000000
2634.00000   0.00000000
2635.00000   0.00000000
2636.00000   0.00000000
2637.00000   0.00000000
2638.00000   0.00000000
2639.00000   0.00000000
2640.00000   0.00000000
2641.00000   0.00000000
2642.00000   0.00000000
2643.00000   0.00000000
2644.00000   0.00000000
2645.00000   0.00000000
2646.00000   0.00000000
2647.00000   0.00000000
2648.00000   0.00000000
2649.00000   0.00000000
2650.00000   0.00000000
2651.00000   0.00000000
2652.00000   0.00000000
2653.00000   0.00000000
2654.00000   0.00000000
2655.00000   0.00000000
2656.00000   0.00000000
2657.00000   0.00000000
2658.00000   0.00000000
2659.00000   0.00000000
2660.00000   0.00000000
2661.00000   0.00000000
2662.00000   0.00000000
2663.00000   0.00000000
2664.00000   0.00000000
2665.00000   0.00000000
2666.00000   0.00000000
2667.00000   0.00000000
2668.00000   0.00000000
2669.00000   0.00000000
2670.00000   0.00000000
2671.00000   0.00000000
2672.00000   0.00000000
2673.00000   0.00000000
2674.00000   0.00000000
2675.00000   0.00000000
2676.00000   0.00000000
2677.00000   0.00000000
2678.00000   0.00000000
2679.00000   0.00000000
2680.00000   0.00000000
2681.00000   0.00000000
2682.00000   0.00000000
2683.00000   0.00000000
2684.00000   0.00000000
2685.00000   0.00000000
2686.00000   0.00000000
2687.00000   0.00000000
2688.00000   0.00000000
2689.00000   0.00000000
2690.00000   0.00000000
2691.00000   0.00000000
2692.00000   0.00000000
2693.00000   0.00000000
2694.00000   0.00000000
2695.00000   0.00000000
2696.00000   0.00000000
2697.00000   0.00000000
2698.00000   0.00000000
2699.00000   0.00000000
2700.00000   1.00000000
2701.00000   1.00000000
2702.00000   1.00000000
2703.00000   1.00000000
2704.00000   1.00000000
2705.00000   1.00000000
2706.00000   1.00000000
2707.00000   1.00000000
2708.00000   1.00000000
2709.00000   1.00000000
2710.00000   1.00000000
2711.00000   1.00000000
2712.00000   1.00000000
2713.00000   1.00000000
2714.00000   1.00000000
2715.00000   1.00000000
2716.00000   1.00000000
2717.00000   1.00000000
2718.00000   1.00000000
2719.00000   1.00000000
2720.00000   1.00000000
2721.00000   1.00000000
2722.00000   1.00000000
2723.00000   1.00000000
2724.00000   1.00000000
2725.00000   1.00000000
2726.00000   1.00000000
2727.00000   1.00000000
2728.00000   1.00000000
2729.00000   1.00000000
2730.00000   1.00000000
2731.00000   1.00000000
2732.00000   1.00000000
2733.00000   1.00000000
2734.00000   1.00000000
2735.00000   1.00000000
2736.00000   1.00000000
2737.00000   1.00000000
2738.00000   1.00000000
2739.00000   1.00000000
2740.00000   1.00000000
2741.00000   1.00000000
2742.00000   1.00000000
2743.00000   1.00000000
2744.00000   1.00000000
2745.00000   1.00000000
2746.00000   1.00000000
2747.00000   1.00000000
2748.00000   1.00000000
2749.00000   1.00000000
2750.00000   1.00000000
2751.00000   1.00000000
2752.00000   1.00000000
2753.00000   1.00000000
2754.00000   1.00000000
2755.00000   1.00000000
2756.00000   1.00000000
2757.00000   1.00000000
2758.00000   1.00000000
2759.00000   1.00000000
2760.00000   1.00000000
2761.00000   1.00000000
2762.00000   1.00000000
2763.00000   1.00000000
2764.00000   1.00000000
2765.00000   1.00000000
2766.00000   1.00000000
2767.00000   1.00000000
2768.00000   1.00000000
2769.00000   1.00000000
2770.00000   1.00000000
2771.00000   1.00000000
2772.00000   1.00000000
2773.00000   1.00000000
2774.00000   1.00000000
2775.00000   1.00000000
2776.00000   1.00000000
2777.00000   1.00000000
2778.00000   1.00000000
2779.00000   1.00000000
2780.00000   1.00000000
2781.00000   1.00000000
2782.00000   1.00000000
2783.00000   1.00000000
2784.00000   1.00000000
2785.00000   1.00000000
2786.00000   1.00000000
2787.00000   1.00000000
2788.00000   1.00000000
2789.00000   1.00000000
2790.00000   1.00000000
2791.00000   1.00000000
2792.00000   1.00000000
2793.00000   1.00000000
2794.00000   1.00000000
2795.00000   1.00000000
2796.00000   1.00000000
2797.00000   1.00000000
2798.00000   1.00000000
2799.00000   1.00000000
2800.00000   1.00000000
2801.00000   1.00000000
2802.00000   1.00000000
2803.00000   1.00000000
2804.00000   1.00000000
2805.00000   1.00000000
2806.00000   1.00000000
2807.00000   1.00000000
2808.00000   1.00000000
2809.00000   1.00000000
2810.00000   1.00000000
2811.00000   1.00000000
2812.00000   1.00000000
2813.00000   1.00000000
2814.00000   1.00000000
2815.00000   1.00000000
2816.00000   1.00000000
2817.00000   1.00000000
2818.00000   1.00000000
2819.00000   1.00000000
2820.00000   1.00000000
2821.00000   1.00000000
2822.00000   1.00000000
2823.00000   1.00000000
2824.00000   1.00000000
2825.00000   1.00000000
2826.00000   1.00000000
2827.00000   1.00000000
2828.00000   1.00000000
2829.00000   1.00000000
2830.00000   1.00000000
2831.00000   1.00000000
2832.00000   1.00000000
2833.00000   1.00000000
2834.00000   1.00000000
2835.00000   1.00000000
2836.00000   1.00000000
2837.00000   1.00000000
2838.00000   1.00000000
2839.00000   1.00000000
2840.00000   1.00000000
2841.00000   1.00000000
2842.00000   1.00000000
2843.00000   1.00000000
2844.00000   1.00000000
2845.00000   1.00000000
2846.00000   1.00000000
2847.00000   1.00000000
2848.00000   1.00000000
2849.00000   1.00000000
2850.00000   1.00000000
2851.00000   1.00000000
2852.00000   1.00000000
2853.00000   1.00000000
2854.00000   1.00000000
2855.00000   1.00000000
2856.00000   1.00000000
2857.00000   1.00000000
2858.00000   1.00000000
2859.00000   1.00000000
2860.00000   1.00000000
2861.00000   1.00000000
2862.00000   1.00000000
2863.00000   1.00000000
2864.00000   1.00000000
2865.00000   1.00000000
2866.00000   1.00000000
2867.00000   1.00000000
2868.00000   1.00000000
2869.00000   1.00000000
2870.00000   1.00000000
2871.00000   1.00000000
2872.00000   1.00000000
2873.00000   1.00000000
2874.00000   1.00000000
2875.00000   1.00000000
2876.00000   1.00000000
2877.00000   1.00000000
2878.00000   1.00000000
2879.00000   1.00000000
2880.00000   1.00000000
2881.00000   1.00000000
2882.00000   1.00000000
2883.00000   1.00000000
2884.00000   1.00000000
2885.00000   1.00000000
2886.00000   1.00000000
2887.00000   1.00000000
2888.00000   1.00000000
2889.00000   1.00000000
2890.00000   1.00000000
2891.00000   1.00000000
2892.00000   1.00000000
2893.00000   1.00000000
2894.00000   1.00000000
2895.00000   1.00000000
2896.00000   1.00000000
2897.00000   1.00000000
2898.00000   1.00000000
2899.00000   1.00000000
2900.00000   1.00000000
2901.00000   1.00000000
2902.00000   1.00000000
2903.00000   1.00000000
2904.00000   1.00000000
2905.00000   1.00000000
2906.00000   1.00000000
2907.00000   1.00000000
2908.00000   1.00000000
2909.00000   1.00000000
2910.00000   1.00000000
2911.00000   1.00000000
2912.00000   1.00000000
2913.00000   1.00000000
2914.00000   1.00000000
2915.00000   1.00000000
2916.00000   1.00000000
2917.00000   1.00000000
2918.00000   1.00000000
2919.00000   1.00000000
2920.00000   1.00000000
2921.00000   1.00000000
2922.00000   1.00000000
2923.00000   1.00000000
2924.00000   1.00000000
2925.00000   1.00000000
2926.00000   1.00000000
2927.00000   1.00000000
2928.00000   1.00000000
2929.00000   1.00000000
2930.00000   1.00000000
2931.00000   1.00000000
2932.00000   1.00000000
2933.00000   1.00000000
2934.00000   1.00000000
2935.00000   1.00000000
2936.00000   1.00000000
2937.00000   1.00000000
2938.00000   1.00000000
2939.00000   1.00000000
2940.00000   1.00000000
2941.00000   1.00000000
2942.00000   1.00000000
2943.00000   1.00000000
2944.00000   1.00000000
2945.00000   1.00000000
2946.00000   1.00000000
2947.00000   1.00000000
2948.00000   1.00000000
2949.00000   1.00000000
2950.00000   1.00000000
2951.00000   1.00000000
2952.00000   1.00000000
2953.00000   1.00000000
2954.00000   1.00000000
2955.00000   1.00000000
2956.00000   1.00000000
2957.00000   1.00000000
2958.00000   1.00000000
2959.00000   1.00000000
2960.00000   1.00000000
2961.00000   1.00000000
2962.00000   1.00000000
2963.00000   1.00000000
2964.00000   1.00000000
2965.00000   1.00000000
2966.00000   1.00000000
2967.00000   1.00000000
2968.00000   1.00000000
2969.00000   1.00000000
2970.00000   1.00000000
2971.00000   1.00000000
2972.00000   1.00000000
2973.00000   1.00000000
2974.00000   1.00000000
2975.00000   1.00000000
2976.00000   1.00000000
2977.00000   1.00000000
2978.00000   1.00000000
2979.00000   1.00000000
2980.00000   1.00000000
2981.00000   1.00000000
2982.00000   1.00000000
2983.00000   1.00000000
2984.00000   1.00000000
2985.00000   1.00000000
2986.00000   1.00000000
2987.00000   1.00000000
2988.00000   1.00000000
2989.00000   1.00000000
2990.00000   1.00000000
2991.00000   1.00000000
2992.00000   1.00000000
2993.00000   1.00000000
2994.00000   1.00000000
2995.00000   1.00000000
2996.00000   1.00000000
2997.00000   1.00000000
2998.00000   1.00000000
2999.00000   1.00000000
3000.00000   1.00000000
3001.00000   1.00000000
3002.00000   1.00000000
3003.00000   1.00000000
3004.00000   1.00000000
3005.00000   1.00000000
3006.00000   1.00000000
3007.00000   1.00000000
3008.00000   1.00000000
3009.00000   1.00000000
3010.00000   1.00000000
3011.00000   1.00000000
3012.00000   1.00000000
3013.00000   1.00000000
3014.00000   1.00000000
3015.00000   1.00000000
3016.00000   1.00000000
3017.00000   1.00000000
3018.00000   1.00000000
3019.00000   1.00000000
3020.00000   1.00000000
3021.00000   1.00000000
3022.00000   1.00000000
3023.00000   1.00000000
3024.00000   1.00000000
3025.00000   1.00000000
3026.00000   1.00000000
3027.00000   1.00000000
3028.00000   1.00000000
3029.00000   1.00000000
3030.00000   1.00000000
3031.00000   1.00000000
3032.00000   1.00000000
3033.00000   1.00000000
3034.00000   1.00000000
3035.00000   1.00000000
3036.00000   1.00000000
3037.00000   1.00000000
3038.00000   1.00000000
3039.00000   1.00000000
3040.00000   1.00000000
3041.00000   1.00000000
3042.00000   1.00000000
3043.00000   1.00000000
3044.00000   1.00000000
3045.00000   1.00000000
3046.00000   1.00000000
3047.00000   1.00000000
3048.00000   1.00000000
3049.00000   1.00000000
3050.00000   1.00000000
3051.00000   1.00000000
3052.00000   1.00000000
3053.00000   1.00000000
3054.00000   1.00000000
3055.00000   1.00000000
3056.00000   1.00000000
3057.00000   1.00000000
3058.00000   1.00000000
3059.00000   1.00000000
3060.00000   1.00000000
3061.00000   1.00000000
3062.00000   1.00000000
3063.00000   1.00000000
3064.00000   1.00000000
3065.00000   1.00000000
3066.00000   1.00000000
3067.00000   1.00000000
3068.00000   1.00000000
3069.00000   1.00000000
3070.00000   1.00000000
3071.00000   1.00000000
3072.00000   1.00000000
3073.00000   1.00000000
3074.00000   1.00000000
3075.00000   1.00000000
3076.00000   1.00000000
3077.00000   1.00000000
3078.00000   1.00000000
3079.00000   1.00000000
3080.00000   1.00000000
3081.00000   1.00000000
3082.00000   1.00000000
3083.00000   1.00000000
3084.00000   1.00000000
3085.00000   1.00000000
3086.00000   1.00000000
3087.00000   1.00000000
3088.00000   1.00000000
3089.00000   1.00000000
3090.00000   1.00000000
3091.00000   1.00000000
3092.00000   1.00000000
3093.00000   1.00000000
3094.00000   1.00000000
3095.00000   1.00000000
3096.00000   1.00000000
3097.00000   1.00000000
3098.00000   1.00000000
3099.00000   1.00000000
3100.00000   1.00000000
3101.00000   1.00000000
3102.00000   1.00000000
3103.00000   1.00000000
3104.00000   1.00000000
3105.00000   1.00000000
3106.00000   1.00000000
3107.00000   1.00000000
3108.00000   1.00000000
3109.00000   1.00000000
3110.00000   1.00000000
3111.00000   1.00000000
3112.00000   1.00000000
3113.00000   1.00000000
3114.00000   1.00000000
3115.00000   1.00000000
3116.00000   1.00000000
3117.00000   1.00000000
3118.00000   1.00000000
3119.00000   1.00000000
3120.00000   1.00000000
3121.00000   1.00000000
3122.00000   1.00000000
3123.00000   1.00000000
3124.00000   1.00000000
3125.00000   1.00000000
3126.00000   1.00000000
3127.00000   1.00000000
3128.00000   1.00000000
3129.00000   1.00000000
3130.00000   1.00000000
3131.00000   1.00000000
3132.00000   1.00000000
3133.00000   1.00000000
3134.00000   1.00000000
3135.00000   1.00000000
3136.00000   1.00000000
3137.00000   1.00000000
3138.00000   1.00000000
3139.00000   1.00000000
3140.00000   1.00000000
3141.00000   1.00000000
3142.00000   1.00000000
3143.00000   1.00000000
3144.00000   1.00000000
3145.00000   1.00000000
3146.00000   1.00000000
3147.00000   1.00000000
3148.00000   1.00000000
3149.00000   1.00000000
3150.00000   1.00000000
3151.00000   1.00000000
3152.00000   1.00000000
3153.00000   1.00000000
3154.00000   1.00000000
3155.00000   1.00000000
3156.00000   1.00000000
3157.00000   1.00000000
3158.00000   1.00000000
3159.00000   1.00000000
3160.00000   1.00000000
3161.00000   1.00000000
3162.00000   1.00000000
3163.00000   1.00000000
3164.00000   1.00000000
3165.00000   1.00000000
3166.00000   1.00000000
3167.00000   1.00000000
3168.00000   1.00000000
3169.00000   1.00000000
3170.00000   1.00000000
3171.00000   1.00000000
3172.00000   1.00000000
3173.00000   1.00000000
3174.00000   1.00000000
3175.00000   1.00000000
3176.00000   1.00000000
3177.00000   1.00000000
3178.00000   1.00000000
3179.00000   1.00000000
3180.00000   1.00000000
3181.00000   1.00000000
3182.00000   1.00000000
3183.00000   1.00000000
3184.00000   1.00000000
3185.00000   1.00000000
3186.00000   1.00000000
3187.00000   1.00000000
3188.00000   1.00000000
3189.00000   1.00000000
3190.00000   1.00000000
3191.00000   1.00000000
3192.00000   1.00000000
3193.00000   1.00000000
3194.00000   1.00000000
3195.00000   1.00000000
3196.00000   1.00000000
3197.00000   1.00000000
3198.00000   1.00000000
3199.00000   1.00000000
3200.00000   1.00000000
3201.00000   1.00000000
3202.00000   1.00000000
3203.00000   1.00000000
3204.00000   1.00000000
3205.00000   1.00000000
3206.00000   1.00000000
3207.00000   1.00000000
3208.00000   1.00000000
3209.00000   1.00000000
3210.00000   1.00000000
3211.00000   1.00000000
3212.00000   1.00000000
3213.00000   1.00000000
3214.00000   1.00000000
3215.00000   1.00000000
3216.00000   1.00000000
3217.00000   1.00000000
3218.00000   1.00000000
3219.00000   1.00000000
3220.00000   1.00000000
3221.00000   1.00000000
3222.00000   1.00000000
3223.00000   1.00000000
3224.00000   1.00000000
3225.00000   1.00000000
3226.00000   1.00000000
3227.00000   1.00000000
3228.00000   1.00000000
3229.00000   1.00000000
3230.00000   1.00000000
3231.00000   1.00000000
3232.00000   1.00000000
3233.00000   1.00000000
3234.00000   1.00000000
3235.00000   1.00000000
3236.00000   1.00000000
3237.00000   1.00000000
3238.00000   1.00000000
3239.00000   1.00000000
3240.00000   1.00000000
3241.00000   1.00000000
3242.00000   1.00000000
3243.00000   1.00000000
3244.00000   1.00000000
3245.00000   1.00000000
3246.00000   1.00000000
3247.00000   1.00000000
3248.00000   1.00000000
3249.00000   1.00000000
3250.00000   1.00000000
3251.00000   1.00000000
3252.00000   1.00000000
3253.00000   1.00000000
3254.00000   1.00000000
3255.00000   1.00000000
3256.00000   1.00000000
3257.00000   1.00000000
3258.00000   1.00000000
3259.00000   1.00000000
3260.00000   1.00000000
3261.00000   1.00000000
3262.00000   1.00000000
3263.00000   1.00000000
3264.00000   1.00000000
3265.00000   1.00000000
3266.00000   1.00000000
3267.00000   1.00000000
3268.00000   1.00000000
3269.00000   1.00000000
3270.00000   1.00000000
3271.00000   1.00000000
3272.00000   1.00000000
3273.00000   1.00000000
3274.00000   1.00000000
3275.00000   1.00000000
3276.00000   1.00000000
3277.00000   1.00000000
3278.00000   1.00000000
3279.00000   1.00000000
3280.00000   1.00000000
3281.00000   1.00000000
3282.00000   1.00000000
3283.00000   1.00000000
3284.00000   1.00000000
3285.00000   1.00000000
3286.00000   1.00000000
3287.00000   1.00000000
3288.00000   1.00000000
3289.00000   1.00000000
3290.00000   1.00000000
3291.00000   1.00000000
3292.00000   1.00000000
3293.00000   1.00000000
3294.00000   1.00000000
3295.00000   1.00000000
3296.00000   1.00000000
3297.00000   1.00000000
3298.00000   1.00000000
3299.00000   1.00000000
3300.00000   1.00000000
3301.00000   0.00000000
3302.00000   0.00000000
3303.00000   0.00000000
3304.00000   0.00000000
3305.00000   0.00000000
3306.00000   0.00000000
3307.00000   0.00000000
3308.00000   0.00000000
3309.00000   0.00000000
3310.00000   0.00000000
3311.00000   0.00000000
3312.00000   0.00000000
3313.00000   0.00000000
3314.00000   0.00000000
3315.00000   0.00000000
3316.00000   0.00000000
3317.00000   0.00000000
3318.00000   0.00000000
3319.00000   0.00000000
3320.00000   0.00000000
3321.00000   0.00000000
3322.00000   0.00000000
3323.00000   0.00000000
3324.00000   0.00000000
3325.00000   0.00000000
3326.00000   0.00000000
3327.00000   0.00000000
3328.00000   0.00000000
3329.00000   0.00000000
3330.00000   0.00000000
3331.00000   0.00000000
3332.00000   0.00000000
3333.00000   0.00000000
3334.00000   0.00000000
3335.00000   0.00000000
3336.00000   0.00000000
3337.00000   0.00000000
3338.00000   0.00000000
3339.00000   0.00000000
3340.00000   0.00000000
3341.00000   0.00000000
3342.00000   0.00000000
3343.00000   0.00000000
3344.00000   0.00000000
3345.00000   0.00000000
3346.00000   0.00000000
3347.00000   0.00000000
3348.00000   0.00000000
3349.00000   0.00000000
3350.00000   0.00000000
3351.00000   0.00000000
3352.00000   0.00000000
3353.00000   0.00000000
3354.00000   0.00000000
3355.00000   0.00000000
3356.00000   0.00000000
3357.00000   0.00000000
3358.00000   0.00000000
3359.00000   0.00000000
3360.00000   0.00000000
3361.00000   0.00000000
3362.00000   0.00000000
3363.00000   0.00000000
3364.00000   0.00000000
3365.00000   0.00000000
3366.00000   0.00000000
3367.00000   0.00000000
3368.00000   0.00000000
3369.00000   0.00000000
3370.00000   0.00000000
3371.00000   0.00000000
3372.00000   0.00000000
3373.00000   0.00000000
3374.00000   0.00000000
3375.00000   0.00000000
3376.00000   0.00000000
3377.00000   0.00000000
3378.00000   0.00000000
3379.00000   0.00000000
3380.00000   0.00000000
3381.00000   0.00000000
3382.00000   0.00000000
3383.00000   0.00000000
3384.00000   0.00000000
3385.00000   0.00000000
3386.00000   0.00000000
3387.00000   0.00000000
3388.00000   0.00000000
3389.00000   0.00000000
3390.00000   0.00000000
3391.00000   0.00000000
3392.00000   0.00000000
3393.00000   0.00000000
3394.00000   0.00000000
3395.00000   0.00000000
3396.00000   0.00000000
3397.00000   0.00000000
3398.00000   0.00000000
3399.00000   0.00000000
3400.00000   0.00000000
3401.00000   0.00000000
3402.00000   0.00000000
3403.00000   0.00000000
3404.00000   0.00000000
3405.00000   0.00000000
3406.00000   0.00000000
3407.00000   0.00000000
3408.00000   0.00000000
3409.00000   0.00000000
3410.00000   0.00000000
3411.00000   0.00000000
3412.00000   0.00000000
3413.00000   0.00000000
3414.00000   0.00000000
3415.00000   0.00000000
3416.00000   0.00000000
3417.00000   0.00000000
3418.00000   0.00000000
3419.00000   0.00000000
3420.00000   0.00000000
3421.00000   0.00000000
3422.00000   0.00000000
3423.00000   0.00000000
3424.00000   0.00000000
3425.00000   0.00000000
3426.00000   0.00000000
3427.00000   0.00000000
3428.00000   0.00000000
3429.00000   0.00000000
3430.00000   0.00000000
3431.00000   0.00000000
3432.00000   0.00000000
3433.00000   0.00000000
3434.00000   0.00000000
3435.00000   0.00000000
3436.00000   0.00000000
3437.00000   0.00000000
3438.00000   0.00000000
3439.00000   0.00000000
3440.00000   0.00000000
3441.00000   0.00000000
3442.00000   0.00000000
3443.00000   0.00000000
3444.00000   0.00000000
3445.00000   0.00000000
3446.00000   0.00000000
3447.00000   0.00000000
3448.00000   0.00000000
3449.00000   0.00000000
 
 
 this file was generated with filters_mm.pro
