	# lambda micron, transmission  
       277.79646  1.00000e-12
       277.97394  1.00000e-12
       278.15164  1.00000e-12
       278.32959  1.00000e-12
       278.50775   0.00129228
       278.68614  7.21590e-05
       278.86554  1.00000e-12
       279.04441  0.000396598
       279.22348  3.72883e-06
       279.40279  9.48570e-05
       279.58233  0.000220039
       279.76212   0.00130311
       279.94290  0.000836132
       280.12314  0.000877168
       280.30360   0.00185356
       280.48432   0.00168517
       280.66525  0.000734465
       280.84720   0.00136600
       281.02860   0.00250384
       281.21024   0.00281271
       281.39212   0.00308912
       281.57423   0.00327817
       281.75657   0.00293632
       281.93995   0.00235377
       282.12278   0.00119769
       282.30583  0.000905557
       282.48912   0.00165407
       282.67265   0.00147457
       282.85643  0.000401571
       283.04124  0.000125673
       283.22549  0.000523638
       283.40997  0.000514775
       283.59472  1.61514e-05
       283.77968  0.000899790
       283.96570  0.000302857
       284.15115  4.18307e-05
       284.33685  1.00000e-12
       284.52280  1.00000e-12
       284.70898  0.000313775
       284.89541  0.000424650
       285.08289  1.00000e-12
       285.26982  0.000502410
       285.45698  0.000696520
       285.64439  0.000793128
       285.83204  0.000893200
       286.01996   0.00119928
       286.20893   0.00166255
       286.39732   0.00246731
       286.58596   0.00236798
       286.77487   0.00225251
       286.96401   0.00248496
       287.15423   0.00367267
       287.34387   0.00485245
       287.53376   0.00495799
       287.72392   0.00584362
       287.91432   0.00715882
       288.10497   0.00748978
       288.29670   0.00925563
       288.48787    0.0109672
       288.67928    0.0124433
       288.87094    0.0140395
       289.06286    0.0153809
       289.25505    0.0160643
       289.44832    0.0179982
       289.64100    0.0199806
       289.83394    0.0213940
       290.02716    0.0232832
       290.22062    0.0251784
       290.41518    0.0266328
       290.60915    0.0284642
       290.80339    0.0292114
       290.99790    0.0309575
       291.19265    0.0324484
       291.38767    0.0318815
       291.58380    0.0307716
       291.77935    0.0296084
       291.97516    0.0299149
       292.17122    0.0289510
       292.36755    0.0293211
       292.56416    0.0284165
       292.76188    0.0277865
       292.95900    0.0278588
       293.15639    0.0307496
       293.35406    0.0341673
       293.55198    0.0365851
       293.75104    0.0397090
       293.94950    0.0440885
       294.14822    0.0480928
       294.34724    0.0523945
       294.54650    0.0587506
       294.74604    0.0642759
       294.94671    0.0667339
       295.14681    0.0702248
       295.34716    0.0752170
       295.54778    0.0803835
       295.74867    0.0846883
       295.94986    0.0893776
       296.15218    0.0970073
       296.35390     0.105193
       296.55589     0.116979
       296.75818     0.128069
       296.96072     0.135089
       297.16354     0.147701
       297.36752     0.167921
       297.57090     0.184497
       297.77457     0.190881
       297.97851     0.202127
       298.18272     0.218315
       298.38811     0.234198
       298.59290     0.250822
       298.79796     0.259394
       299.00330     0.270252
       299.20892     0.283077
       299.41484     0.299924
       299.62193     0.312721
       299.82840     0.323119
       300.03516     0.332155
       300.24222     0.342883
       300.44955     0.360367
       300.65716     0.367660
       300.86598     0.371950
       301.07417     0.376175
       301.28267     0.381416
       301.49144     0.386720
       301.70049     0.389353
       301.91076     0.396087
       302.12042     0.401017
       302.33035     0.405230
       302.54057     0.414399
       302.75109     0.428591
       302.96192     0.445670
       303.17394     0.455746
       303.38534     0.466783
       303.59704     0.477383
       303.80905     0.495970
       304.02133     0.508639
       304.23391     0.516982
       304.44772     0.526560
       304.66090     0.538172
       304.87440     0.550028
       305.08818     0.557945
       305.30226     0.569713
       305.51757     0.574556
       305.73228     0.580099
       305.94726     0.591328
       306.16254     0.603888
       306.37813     0.620038
       306.59404     0.626044
       306.81119     0.634595
       307.02769     0.642607
       307.24450     0.655685
       307.46164     0.656785
       307.67906     0.648168
       307.89679     0.649721
       308.11578     0.658602
       308.33413     0.671978
       308.55281     0.678223
       308.77178     0.681161
       308.99106     0.682313
       309.21161     0.688301
       309.43154     0.695705
       309.65176     0.686823
       309.87229     0.695969
       310.09313     0.705515
       310.31432     0.713217
       310.53676     0.726984
       310.75856     0.738379
       310.98067     0.752342
       311.20312     0.760957
       311.42587     0.770630
       311.64894     0.776661
       311.87330     0.785328
       312.09703     0.792298
       312.32106     0.783165
       312.54541     0.775795
       312.77009     0.774536
       312.99607     0.789920
       313.22142     0.793884
       313.44706     0.785509
       313.67304     0.785790
       313.89934     0.795076
       314.12598     0.804965
       314.35393     0.797305
       314.58121     0.788427
       314.80883     0.774648
       315.03679     0.782063
       315.26506     0.785476
       315.49367     0.793704
       315.72360     0.807274
       315.95289     0.811412
       316.18249     0.820603
       316.41243     0.829479
       316.64270     0.834904
       316.87432     0.837436
       317.10528     0.843215
       317.33656     0.846245
       317.56818     0.847405
       317.80014     0.868002
       318.03246     0.869432
       318.26611     0.864261
       318.49909     0.857412
       318.73241     0.870282
       318.96609     0.884489
       319.20009     0.868131
       319.43444     0.847210
       319.67016     0.833664
       319.90522     0.839742
       320.14060     0.837630
       320.37634     0.833667
       320.61241     0.833979
       320.84988     0.835065
       321.08667     0.852530
       321.32380     0.867073
       321.56128     0.868851
       321.79913     0.860706
       322.03731     0.863827
       322.27689     0.873624
       322.51578     0.870018
       322.75502     0.867891
       322.99464     0.852262
       323.23460     0.862073
       323.47491     0.883454
       323.71663     0.902343
       323.95768     0.899311
       324.19907     0.907881
       324.44082     0.919391
       324.68293     0.910492
       324.92542     0.905574
       325.16932     0.906978
       325.41251     0.912508
       325.65607     0.908547
       325.90002     0.903574
       326.14432     0.911185
       326.39005     0.909721
       326.63507     0.920747
       326.88047     0.925459
       327.12626     0.926620
       327.37239     0.915646
       327.61890     0.915387
       327.86686     0.929759
       328.11413     0.922523
       328.36176     0.913203
       328.60975     0.920749
       328.85813     0.945568
       329.10690     0.951334
       329.35711     0.938595
       329.60662     0.937008
       329.85650     0.941708
       330.10679     0.944932
       330.35743     0.922863
       330.60955     0.932545
       330.86096     0.951690
       331.11275     0.961496
       331.36494     0.957085
       331.61750     0.960189
       331.87044     0.969816
       332.12488     0.960955
       332.37862     0.967036
       332.63273     0.959472
       332.88722     0.945058
       333.14211     0.941169
       333.39740     0.947544
       333.65419     0.964366
       333.91025     0.954549
       334.16670     0.944540
       334.42358     0.940811
       334.68082     0.942047
       334.93958     0.941558
       335.19762     0.934487
       335.45606     0.930073
       335.71492     0.902968
       335.97415     0.888677
       336.23379     0.893820
       336.49496     0.903843
       336.75543     0.893718
       337.01627     0.890354
       337.27752     0.913937
       337.53917     0.924965
       337.80126     0.932014
       338.06487     0.915546
       338.32775     0.901437
       338.59104     0.892190
       338.85476     0.887163
       339.11887     0.880669
       339.38454     0.871385
       339.64948     0.881770
       339.91483     0.894680
       340.18062     0.912073
       340.44680     0.922560
       340.71339     0.920560
       340.98157     0.931631
       341.24903     0.928679
       341.51689     0.925386
       341.78516     0.916861
       342.05386     0.934146
       342.32301     0.953403
       342.59373     0.945038
       342.86370     0.931120
       343.13410     0.942629
       343.40495     0.960857
       343.67620     0.942404
       343.94907     0.924816
       344.22118     0.923271
       344.49372     0.914469
       344.76672     0.898254
       345.04013     0.872388
       345.31397     0.873068
       345.58945     0.865463
       345.86419     0.866714
       346.13934     0.867506
       346.41493     0.873530
       346.69096     0.878203
       346.96746     0.879681
       347.24558     0.881761
       347.52293     0.880706
       347.80073     0.878026
       348.07900     0.871418
       348.35769     0.880984
       348.63805     0.889607
       348.91763     0.892861
       349.19766     0.914546
       349.47817     0.921743
       349.75911     0.920010
       350.04049     0.910421
       350.32357     0.918449
       350.60589     0.909857
       350.88864     0.889948
       351.17185     0.887910
       351.45551     0.891404
       351.73966     0.891562
       352.02549     0.875485
       352.31054     0.868270
       352.59605     0.883501
       352.88205     0.887129
       353.16848     0.889156
       353.45664     0.881026
       353.74401     0.875026
       354.03185     0.868811
       354.32018     0.883102
       354.60896     0.893440
       354.89820     0.885722
       355.18919     0.889385
       355.47941     0.890759
       355.77008     0.890083
       356.06123     0.882734
       356.35285     0.872187
       356.64498     0.845550
       356.93884     0.827728
       357.23190     0.834368
       357.52544     0.839397
       357.81950     0.844174
       358.11401     0.825688
       358.41030     0.832198
       358.70578     0.838299
       359.00175     0.840036
       359.29824     0.836309
       359.59519     0.823371
       359.89263     0.817822
       360.19187     0.819101
       360.49033     0.835048
       360.78926     0.832507
       361.08868     0.815891
       361.38860     0.813681
       361.68904     0.811238
       361.99128     0.808861
       362.29270     0.800165
       362.59462     0.796931
       362.89708     0.788340
       363.20001     0.782555
       363.50345     0.777247
       363.80872     0.768421
       364.11318     0.768154
       364.41817     0.770825
       364.72365     0.790785
       365.02964     0.790948
       365.33749     0.782973
       365.64454     0.795486
       365.95208     0.808649
       366.26013     0.808933
       366.56871     0.787057
       366.87783     0.784882
       367.18881     0.788197
       367.49895     0.786756
       367.80961     0.794850
       368.12084     0.800131
       368.43256     0.779581
       368.74480     0.749802
       369.05895     0.780562
       369.37226     0.796651
       369.68614     0.781378
       370.00051     0.751472
       370.31542     0.739803
       370.63225     0.743562
       370.94827     0.742906
       371.26480     0.730790
       371.58187     0.713640
       371.89948     0.709514
       372.21767     0.713238
       372.53776     0.715817
       372.85701     0.709885
       373.17681     0.694475
       373.49718     0.689813
       373.81808     0.691111
       374.13952     0.703254
       374.46293     0.679031
       374.78549     0.654154
       375.10863     0.658676
       375.43231     0.658643
       375.75654     0.654421
       376.08275     0.634425
       376.40814     0.635988
       376.73405     0.639812
       377.06054     0.644198
       377.38759     0.669203
       377.71524     0.674034
       378.04486     0.679806
       378.37362     0.687535
       378.70295     0.701622
       379.03289     0.702053
       379.36337     0.710456
       379.69443     0.724319
       380.02752     0.719247
       380.35974     0.725891
       380.69257     0.726458
       381.02596     0.731526
       381.35993     0.708104
       381.69595     0.700964
       382.03112     0.711663
       382.36685     0.701590
       382.70318     0.673522
       383.04010     0.661830
       383.37764     0.668941
       383.71722     0.674372
       384.05593     0.673809
       384.39523     0.670884
       384.73517     0.659703
       385.07567     0.668498
       385.41678     0.679765
       385.75999     0.682278
       386.10231     0.671606
       386.44527     0.664995
       386.78881     0.669084
       387.13297     0.670342
       387.47924     0.676724
       387.82465     0.663835
       388.17065     0.658774
       388.51727     0.653801
       388.86450     0.665132
       389.21239     0.664608
       389.56240     0.661932
       389.91151     0.666981
       390.26124     0.667625
       390.61163     0.683888
       390.96262     0.699268
       391.31425     0.704896
       391.66804     0.697907
       392.02094     0.697947
       392.37450     0.708282
       392.72867     0.705203
       393.08348     0.700154
       393.44048     0.679386
       393.79661     0.679385
       394.15335     0.681505
       394.51074     0.679063
       394.86878     0.673827
       395.22750     0.668387
       395.58841     0.678497
       395.94840     0.673798
       396.30906     0.678735
       396.67040     0.673597
       397.03237     0.664665
       397.39500     0.650370
       397.75988     0.635964
       398.12384     0.625090
       398.48851     0.591600
       398.85380     0.571223
       399.21977     0.587043
       399.58801     0.597332
       399.95536     0.565784
       400.32336     0.546921
       400.69202     0.553945
       401.06137     0.560394
       401.43144     0.549155
       401.80378     0.517224
       402.17518     0.512821
       402.54727     0.522027
       402.92008     0.521437
       403.29355     0.505356
       403.66772     0.480620
       404.04422     0.486861
       404.41977     0.492920
       404.79607     0.485304
       405.17302     0.470066
       405.55068     0.461454
       405.93070     0.458984
       406.30982     0.443580
       406.68960     0.438091
       407.07009     0.436419
       407.45130     0.431633
       407.83326     0.424760
       408.21757     0.418455
       408.60093     0.423400
       408.98501     0.424502
       409.36985     0.428350
       409.75538     0.420193
       410.14163     0.410225
       410.53031     0.406138
       410.91803     0.413536
       411.30652     0.418985
       411.69570     0.408749
       412.08563     0.395516
       412.47633     0.393972
       412.86945     0.388206
       413.26160     0.370251
       413.65449     0.353547
       414.04814     0.341134
       414.44257     0.320428
       414.83945     0.309515
       415.23535     0.306263
       415.63201     0.295834
       416.02947     0.295672
       416.42765     0.289244
       416.82659     0.289884
       417.22805     0.290879
       417.62853     0.296409
       418.02981     0.305514
       418.43183     0.303168
       418.83463     0.287837
       419.23824     0.283350
       419.64435     0.280101
       420.04949     0.282652
       420.45540     0.279207
       420.86210     0.267139
       421.26963     0.265319
       421.67970     0.242758
       422.08877     0.230277
       422.49864     0.226401
       422.90934     0.206750
       423.32081     0.195539
       423.73308     0.185759
       424.14795     0.188776
       424.56183     0.189966
       424.97656     0.178576
       425.39206     0.175098
       425.80837     0.175331
       426.22554     0.181612
       426.64531     0.193271
       427.06408     0.189295
       427.48368     0.168336
       427.90410     0.164093
       428.32538     0.178229
       428.74931     0.182396
       429.17222     0.172844
       429.59597     0.165357
       430.02059     0.164065
       430.44602     0.156995
       430.87229     0.147209
       431.30127     0.135324
       431.72927     0.127669
       432.15809     0.122096
       432.58776     0.120799
       433.01828     0.120130
       433.44970     0.112548
       433.88383     0.104061
       434.31694    0.0998244
       434.75091     0.105723
       435.18576     0.106962
       435.62151     0.102503
       436.06001     0.102662
       436.49747    0.0996685
       436.93582    0.0972975
       437.37508    0.0956914
       437.81519    0.0947211
       438.25619    0.0957270
       438.70001    0.0885739
       439.14283    0.0859492
       439.58651    0.0853793
       440.03108    0.0802839
       440.47655    0.0790765
       440.92297    0.0770884
       441.37221    0.0709943
       441.82041    0.0669547
       442.26951    0.0626291
       442.71953    0.0627962
       443.17051    0.0603541
       443.62434    0.0527224
       444.07713    0.0504500
       444.53083    0.0495029
       444.98551    0.0498082
       445.44108    0.0505404
       445.89758    0.0474473
       446.35702    0.0456902
       446.81544    0.0455372
       447.27477    0.0448943
       447.73503    0.0452396
       448.19625    0.0416288
       448.65846    0.0415507
       449.12361    0.0421958
       449.58769    0.0413565
       450.05274    0.0401014
       450.51879    0.0377017
       450.98576    0.0372816
       451.45575    0.0393523
       451.92467    0.0376099
       452.39456    0.0345348
       452.86548    0.0331342
       453.33733    0.0315917
       453.81017    0.0318556
       454.28607    0.0305275
       454.76093    0.0278043
       455.23674    0.0255038
       455.71355    0.0238556
       456.19136    0.0263601
       456.67022    0.0259886
       457.15214    0.0231034
       457.63297    0.0245924
       458.11482    0.0258375
       458.59772    0.0250506
       459.08160    0.0255989
       459.56651    0.0245196
       460.05456    0.0272350
       460.54152    0.0285797
       461.02956    0.0249528
       461.51859    0.0216865
       462.00865    0.0193777
       462.50191    0.0204745
       462.99412    0.0215596
       463.48732    0.0173299
       463.98158    0.0150760
       464.47690    0.0134692
       464.97332    0.0132910
       465.47293    0.0142381
       465.97143    0.0148703
       466.47101    0.0142019
       466.97170    0.0120655
       467.47342    0.0123530
       467.97622    0.0129228
       468.48231    0.0127169
       468.98729    0.0130672
       469.49340    0.0129923
       470.00056    0.0118170
       470.50881    0.0113000
       471.02040    0.0108155
       471.53091    0.0105273
       472.04249   0.00958611
       472.55517    0.0103061
       473.06897    0.0104320
       473.58393   0.00946978
       474.10223   0.00859419
       474.61940   0.00924722
       475.13770   0.00923346
       475.65718   0.00850925
       476.17775   0.00788219
       476.69946   0.00657780
       477.22460   0.00776400
       477.74861   0.00807517
       478.27382   0.00806066
       478.80014   0.00858935
       479.32761   0.00692256
       479.85857   0.00559752
       480.38843   0.00622240
       480.91941   0.00690921
       481.45157   0.00677170
       481.98491   0.00582605
       482.51948   0.00522563
       483.05753   0.00550880
       483.59443   0.00634447
       484.13253   0.00758414
       484.67188   0.00629594
       485.21238   0.00518688
       485.75409   0.00543724
       486.29938   0.00503257
       486.84352   0.00464541
       487.38893   0.00464755
       487.93551   0.00344800
       488.48331   0.00395927
       489.03475   0.00429805
       489.58509   0.00457996
       490.13661   0.00345798
       490.68937   0.00385329
       491.24338   0.00371058
       491.79870   0.00352188
       492.35766   0.00293885
       492.91544   0.00371681
       493.47450   0.00438973
       494.03487   0.00398660
       494.59647   0.00386693
       495.15934   0.00340363
       495.72597   0.00308632
       496.29142   0.00312272
       496.85822   0.00369095
       497.42625   0.00405927
       497.99559   0.00369306
       498.56873   0.00259513
       499.14074   0.00232722
       499.71401   0.00255694
       500.28860   0.00170738
       500.86452  0.000591441
       501.44181   0.00145341
       502.02292   0.00277419
       502.60283   0.00232990
       503.18409   0.00195882
       503.76674   0.00196603
       504.35070   0.00202819
       504.93601   0.00259577
       505.52524   0.00241575
       506.11328   0.00185588
       506.70275   0.00254320
       507.29353   0.00239787
       507.88569   0.00174488
       508.48184   0.00139516
       509.07684   0.00103787
       509.67317   0.00202759
       510.27091   0.00243058
       510.87004   0.00210863
       511.47065   0.00175741
       512.07524  0.000914884
       512.67863   0.00148460
       513.28344   0.00171642
       513.88973   0.00163513
       514.49740   0.00113114
       515.10651   0.00214611
       515.71974   0.00349319
       516.33175   0.00239911
       516.94527   0.00147755
       517.56020   0.00112493
       518.17658  0.000730152
       518.79715   0.00115493
       519.41655   0.00101954
       520.03737   0.00123386
       520.65967   0.00140135
       521.28347   0.00218616
       521.90882   0.00202822
       522.53836   0.00182409
       523.16667   0.00126777
       523.79650   0.00144125
       524.42790   0.00151292
       525.06076   0.00162944
       525.69516   0.00119765
       526.33387   0.00167956
       526.97135   0.00120566
       527.61043   0.00182505
       528.25100   0.00134441
       528.89313   0.00128260
       529.53689   0.00125754
       530.18498   0.00188471
       530.83182   0.00161316
       531.48025  0.000928539
       532.13026   0.00181802
       532.78192   0.00139293
       533.43798   0.00198095
       534.09280   0.00293401
       534.74922   0.00206399
       535.40732  0.000641458
       536.06697  0.000250102
       536.72826  0.000444125
       537.39408   0.00109055
       538.05865   0.00209643
       538.72492   0.00216182
       539.39279  0.000975561
       540.06231   0.00147731
       540.73356   0.00236136
       541.40936   0.00234867
       542.08390  0.000691954
       542.76012  0.000877259
       543.43804  0.000946855
       544.11771   0.00102076
       544.80200  0.000923987
       545.48503  0.000950943
       546.16980   0.00131539
       546.85626  0.000342843
       547.54449  0.000145622
       548.23441  0.000882920
       548.92910   0.00154374
       549.62256   0.00213140
       550.31773   0.00144574
       551.01470   0.00104428
       551.71344   0.00145275
       552.41391   0.00147427
       553.11924   0.00260448
       553.82333   0.00224399
       554.52918   0.00127982
       555.23686  0.000945695
       555.94632   0.00158005
       556.66071   0.00131617
       557.37385  0.000920094
       558.08881  0.000753727
       558.80558   0.00149844
       559.52423  0.000795557
       560.24470  0.000805754
       560.97018   0.00132427
       561.69441  0.000332645
       562.42048   0.00103290
       563.14846   0.00163752
       563.87833   0.00129632
       564.61006  0.000598809
       565.34690  0.000717845
       566.08248  0.000771992
       566.81994  0.000448228
       567.55936  0.000677410
       568.30068   0.00108157
       569.04720   0.00114731
       569.79244  0.000232581
       570.53965  0.000834625
       571.28878   0.00146594
       572.03991   0.00150391
       572.79299   0.00184046
       573.55136   0.00141664
       574.30846   0.00155382
       575.06753   0.00120498
       575.82864  0.000649386
       576.59177   0.00107849
       577.35689   0.00102893
       578.12740  0.000300483
       578.89663  0.000547278
       579.66789  0.000757737
       580.44123   0.00122140
       581.21661   0.00146909
       581.99746   0.00156294
       582.77704   0.00105417
       583.55871  0.000268690
       584.34244  0.000648038
       585.12832  0.000736272
       585.91628   0.00128774
       586.70982   0.00120931
       587.50208   0.00165376
       588.29645   0.00215909
       589.09300   0.00250066
       589.89172   0.00245445
       590.69257   0.00156879
       591.49911   0.00233392
       592.30436   0.00195863
       593.11178   0.00132006
       593.92144   0.00109779
       594.73327  0.000549307
       595.55093  0.000561350
       596.36723  0.000843190
       597.18581  0.000554819
       598.00659  0.000580867
       598.82968  0.000476543
       599.65500  0.000701895
       600.48621  0.000632968
       601.31615  0.000799394
       602.14834  0.000743125
       602.98287  0.000628297
       603.81972   0.00105852
       604.65886   0.00201727
       605.50402   0.00146709
       606.34789  0.000924090
       607.19407  0.000885817
       608.04266  0.000540662
       608.89359   0.00114762
       609.74694   0.00111384
       610.60639   0.00219813
       611.46455   0.00184113
       612.32509   0.00106162
       613.18809   0.00108152
       614.05349   0.00113280
       614.92513   0.00104656
       615.79548  0.000953164
       616.66826  0.000676848
       617.54356  0.000501539
       618.42134  0.000209983
       619.30159  0.000493090
       620.18820   0.00173426
       621.07353  0.000989760
       621.96134  0.000455941
       622.85174   0.00114990
       623.74465   0.00148725
       624.64016   0.00308402
