       600.00000   0.00010000000
       599.88002   0.00010000000
       599.76010   0.00010000000
       599.64022   0.00010000000
       599.52038   0.00010000000
       599.40060   0.00010000000
       599.28086   0.00010000000
       599.16117   0.00010000000
       599.04153   0.00010000000
       598.92194   0.00010000000
       598.80240   0.00010000000
       598.68290   0.00010000000
       598.56345   0.00010000000
       598.44405   0.00010000000
       598.32469   0.00010000000
       598.20538   0.00010000000
       598.08612   0.00010000000
       597.96691   0.00010000000
       597.84775   0.00010000000
       597.72863   0.00010000000
       597.60956       0.0000000
       597.49054       0.0000000
       597.37157       0.0000000
       597.25264   0.00010000000
       597.13376   0.00010000000
       597.01493   0.00010000000
       596.89614   0.00010000000
       596.77740   0.00010000000
       596.65871   0.00010000000
       596.54007   0.00010000000
       596.42147   0.00010000000
       596.30292   0.00010000000
       596.18442   0.00010000000
       596.06596   0.00010000000
       595.94756   0.00010000000
       595.82920   0.00010000000
       595.71088   0.00010000000
       595.59261   0.00010000000
       595.47439   0.00010000000
       595.35622   0.00010000000
       595.23810   0.00010000000
       595.12002   0.00010000000
       595.00198   0.00010000000
       594.88400   0.00010000000
       594.76606   0.00010000000
       594.64817   0.00010000000
       594.53032   0.00010000000
       594.41252   0.00010000000
       594.29477   0.00010000000
       594.17706   0.00010000000
       594.05941   0.00010000000
       593.94179   0.00010000000
       593.82423   0.00010000000
       593.70671   0.00010000000
       593.58924   0.00010000000
       593.47181   0.00010000000
       593.35443   0.00010000000
       593.23710   0.00010000000
       593.11981   0.00010000000
       593.00257   0.00010000000
       592.88538   0.00010000000
       592.76823   0.00010000000
       592.65113   0.00010000000
       592.53407   0.00010000000
       592.41706   0.00010000000
       592.30010   0.00010000000
       592.18318   0.00010000000
       592.06631   0.00010000000
       591.94949   0.00010000000
       591.83271   0.00010000000
       591.71598   0.00010000000
       591.59929   0.00010000000
       591.48265   0.00010000000
       591.36606   0.00010000000
       591.24951   0.00010000000
       591.13300   0.00010000000
       591.01655   0.00010000000
       590.90014   0.00010000000
       590.78377   0.00020000000
       590.66745   0.00020000000
       590.55118   0.00020000000
       590.43495   0.00020000000
       590.31877   0.00020000000
       590.20264   0.00020000000
       590.08655   0.00020000000
       589.97050   0.00020000000
       589.85450   0.00020000000
       589.73855   0.00020000000
       589.62264   0.00020000000
       589.50678   0.00020000000
       589.39096   0.00020000000
       589.27519   0.00020000000
       589.15947   0.00020000000
       589.04379   0.00020000000
       588.92815   0.00020000000
       588.81256   0.00020000000
       588.69702   0.00020000000
       588.58152   0.00020000000
       588.46607   0.00020000000
       588.35066   0.00020000000
       588.23529   0.00020000000
       588.11998   0.00020000000
       588.00470   0.00020000000
       587.88948   0.00020000000
       587.77429   0.00020000000
       587.65916   0.00020000000
       587.54407   0.00020000000
       587.42902   0.00020000000
       587.31402   0.00020000000
       587.19906   0.00020000000
       587.08415   0.00020000000
       586.96928   0.00020000000
       586.85446   0.00020000000
       586.73968   0.00020000000
       586.62495   0.00020000000
       586.51026   0.00020000000
       586.39562   0.00020000000
       586.28102   0.00020000000
       586.16647   0.00020000000
       586.05196   0.00020000000
       585.93750   0.00020000000
       585.82308   0.00020000000
       585.70871   0.00020000000
       585.59438   0.00020000000
       585.48009   0.00020000000
       585.36585   0.00020000000
       585.25166   0.00020000000
       585.13751   0.00020000000
       585.02340   0.00020000000
       584.90934   0.00020000000
       584.79532   0.00020000000
       584.68135   0.00020000000
       584.56742   0.00020000000
       584.45354   0.00020000000
       584.33970   0.00020000000
       584.22590   0.00020000000
       584.11215   0.00020000000
       583.99844   0.00020000000
       583.88478   0.00020000000
       583.77116   0.00020000000
       583.65759   0.00020000000
       583.54406   0.00020000000
       583.43057   0.00020000000
       583.31713   0.00020000000
       583.20373   0.00020000000
       583.09038   0.00020000000
       582.97707   0.00020000000
       582.86380   0.00020000000
       582.75058   0.00020000000
       582.63741   0.00020000000
       582.52427   0.00020000000
       582.41118   0.00020000000
       582.29814   0.00020000000
       582.18513   0.00020000000
       582.07218   0.00020000000
       581.95926   0.00020000000
       581.84639   0.00020000000
       581.73357   0.00020000000
       581.62078   0.00020000000
       581.50804   0.00020000000
       581.39535   0.00020000000
       581.28270   0.00020000000
       581.17009   0.00020000000
       581.05752   0.00020000000
       580.94500   0.00020000000
       580.83253   0.00020000000
       580.72009   0.00020000000
       580.60770   0.00020000000
       580.49536   0.00020000000
       580.38305   0.00020000000
       580.27079   0.00020000000
       580.15858   0.00020000000
       580.04640   0.00020000000
       579.93427   0.00030000000
       579.82219   0.00030000000
       579.71014   0.00030000000
       579.59815   0.00030000000
       579.48619   0.00020000000
       579.37428   0.00020000000
       579.26241   0.00020000000
       579.15058   0.00020000000
       579.03880   0.00020000000
       578.92706   0.00020000000
       578.81536   0.00020000000
       578.70370   0.00020000000
       578.59209   0.00020000000
       578.48052   0.00020000000
       578.36900   0.00020000000
       578.25752   0.00020000000
       578.14608   0.00020000000
       578.03468   0.00020000000
       577.92333   0.00020000000
       577.81202   0.00020000000
       577.70075   0.00020000000
       577.58953   0.00020000000
       577.47834   0.00020000000
       577.36721   0.00020000000
       577.25611   0.00020000000
       577.14506   0.00020000000
       577.03405   0.00020000000
       576.92308   0.00020000000
       576.81215   0.00020000000
       576.70127   0.00020000000
       576.59043   0.00020000000
       576.47963   0.00020000000
       576.36888   0.00020000000
       576.25816   0.00020000000
       576.14749   0.00020000000
       576.03687   0.00020000000
       575.92628   0.00020000000
       575.81574   0.00020000000
       575.70524   0.00020000000
       575.59478   0.00020000000
       575.48437   0.00020000000
       575.37399   0.00020000000
       575.26366   0.00020000000
       575.15337   0.00020000000
       575.04313   0.00020000000
       574.93292   0.00020000000
       574.82276   0.00020000000
       574.71264   0.00020000000
       574.60257   0.00020000000
       574.49253   0.00020000000
       574.38254   0.00020000000
       574.27259   0.00020000000
       574.16268   0.00020000000
       574.05281   0.00020000000
       573.94299   0.00020000000
       573.83321   0.00020000000
       573.72347   0.00020000000
       573.61377   0.00020000000
       573.50411   0.00020000000
       573.39450   0.00020000000
       573.28492   0.00020000000
       573.17539   0.00020000000
       573.06590   0.00020000000
       572.95646   0.00020000000
       572.84705   0.00020000000
       572.73769   0.00020000000
       572.62836   0.00020000000
       572.51908   0.00020000000
       572.40985   0.00020000000
       572.30065   0.00020000000
       572.19149   0.00020000000
       572.08238   0.00020000000
       571.97331   0.00020000000
       571.86428   0.00020000000
       571.75529   0.00020000000
       571.64634   0.00020000000
       571.53744   0.00020000000
       571.42857   0.00020000000
       571.31975   0.00020000000
       571.21097   0.00020000000
       571.10223   0.00020000000
       570.99353   0.00020000000
       570.88487   0.00020000000
       570.77626   0.00020000000
       570.66768   0.00020000000
       570.55915   0.00020000000
       570.45066   0.00020000000
       570.34221   0.00030000000
       570.23380   0.00030000000
       570.12543   0.00030000000
       570.01710   0.00030000000
       569.90881   0.00030000000
       569.80057   0.00030000000
       569.69237   0.00030000000
       569.58420   0.00030000000
       569.47608   0.00030000000
       569.36800   0.00020000000
       569.25996   0.00020000000
       569.15196   0.00020000000
       569.04401   0.00020000000
       568.93609   0.00020000000
       568.82821   0.00020000000
       568.72038   0.00020000000
       568.61259   0.00020000000
       568.50483   0.00020000000
       568.39712   0.00020000000
       568.28945   0.00020000000
       568.18182   0.00020000000
       568.07423   0.00020000000
       567.96668   0.00020000000
       567.85917   0.00020000000
       567.75170   0.00020000000
       567.64428   0.00020000000
       567.53689   0.00020000000
       567.42954   0.00020000000
       567.32224   0.00020000000
       567.21497   0.00020000000
       567.10775   0.00020000000
       567.00057   0.00020000000
       566.89342   0.00020000000
       566.78632   0.00020000000
       566.67926   0.00020000000
       566.57224   0.00020000000
       566.46526   0.00020000000
       566.35832   0.00020000000
       566.25142   0.00020000000
       566.14456   0.00020000000
       566.03774   0.00020000000
       565.93096   0.00020000000
       565.82422   0.00030000000
       565.71752   0.00030000000
       565.61086   0.00030000000
       565.50424   0.00030000000
       565.39766   0.00030000000
       565.29112   0.00030000000
       565.18463   0.00030000000
       565.07817   0.00030000000
       564.97175   0.00030000000
       564.86537   0.00030000000
       564.75904   0.00030000000
       564.65274   0.00030000000
       564.54648   0.00030000000
       564.44026   0.00030000000
       564.33409   0.00030000000
       564.22795   0.00030000000
       564.12185   0.00030000000
       564.01579   0.00030000000
       563.90977   0.00030000000
       563.80380   0.00030000000
       563.69786   0.00030000000
       563.59196   0.00030000000
       563.48610   0.00030000000
       563.38028   0.00030000000
       563.27450   0.00030000000
       563.16876   0.00030000000
       563.06306   0.00030000000
       562.95740   0.00030000000
       562.85178   0.00030000000
       562.74620   0.00030000000
       562.64066   0.00030000000
       562.53516   0.00030000000
       562.42970   0.00030000000
       562.32427   0.00030000000
       562.21889   0.00030000000
       562.11355   0.00030000000
       562.00824   0.00030000000
       561.90298   0.00030000000
       561.79775   0.00030000000
       561.69257   0.00030000000
       561.58742   0.00030000000
       561.48231   0.00030000000
       561.37725   0.00030000000
       561.27222   0.00030000000
       561.16723   0.00030000000
       561.06228   0.00030000000
       560.95737   0.00030000000
       560.85250   0.00030000000
       560.74766   0.00030000000
       560.64287   0.00030000000
       560.53812   0.00030000000
       560.43340   0.00030000000
       560.32873   0.00030000000
       560.22409   0.00030000000
       560.11949   0.00030000000
       560.01493   0.00030000000
       559.91041   0.00030000000
       559.80593   0.00030000000
       559.70149   0.00030000000
       559.59709   0.00030000000
       559.49273   0.00030000000
       559.38840   0.00030000000
       559.28412   0.00030000000
       559.17987   0.00030000000
       559.07566   0.00030000000
       558.97149   0.00030000000
       558.86736   0.00030000000
       558.76327   0.00030000000
       558.65922   0.00030000000
       558.55520   0.00030000000
       558.45123   0.00030000000
       558.34729   0.00030000000
       558.24339   0.00030000000
       558.13953   0.00030000000
       558.03571   0.00030000000
       557.93193   0.00030000000
       557.82819   0.00030000000
       557.72448   0.00030000000
       557.62082   0.00030000000
       557.51719   0.00030000000
       557.41360   0.00030000000
       557.31005   0.00030000000
       557.20654   0.00030000000
       557.10306   0.00030000000
       556.99963   0.00030000000
       556.89623   0.00030000000
       556.79287   0.00030000000
       556.68955   0.00030000000
       556.58627   0.00030000000
       556.48303   0.00030000000
       556.37982   0.00030000000
       556.27665   0.00030000000
       556.17353   0.00030000000
       556.07044   0.00030000000
       555.96738   0.00030000000
       555.86437   0.00030000000
       555.76139   0.00030000000
       555.65846   0.00030000000
       555.55556   0.00030000000
       555.45269   0.00030000000
       555.34987   0.00030000000
       555.24708   0.00030000000
       555.14434   0.00030000000
       555.04163   0.00030000000
       554.93896   0.00030000000
       554.83632   0.00030000000
       554.73373   0.00030000000
       554.63117   0.00030000000
       554.52865   0.00030000000
       554.42617   0.00040000000
       554.32373   0.00040000000
       554.22132   0.00040000000
       554.11895   0.00040000000
       554.01662   0.00040000000
       553.91433   0.00040000000
       553.81207   0.00040000000
       553.70986   0.00040000000
       553.60768   0.00040000000
       553.50554   0.00040000000
       553.40343   0.00040000000
       553.30136   0.00040000000
       553.19934   0.00040000000
       553.09735   0.00040000000
       552.99539   0.00040000000
       552.89348   0.00040000000
       552.79160   0.00040000000
       552.68976   0.00040000000
       552.58795   0.00040000000
       552.48619   0.00040000000
       552.38446   0.00040000000
       552.28277   0.00040000000
       552.18112   0.00040000000
       552.07950   0.00040000000
       551.97792   0.00040000000
       551.87638   0.00040000000
       551.77488   0.00040000000
       551.67341   0.00050000000
       551.57198   0.00050000000
       551.47059   0.00050000000
       551.36923   0.00050000000
       551.26792   0.00050000000
       551.16664   0.00050000000
       551.06539   0.00050000000
       550.96419   0.00050000000
       550.86302   0.00050000000
       550.76189   0.00050000000
       550.66079   0.00050000000
       550.55974   0.00050000000
       550.45872   0.00050000000
       550.35773   0.00050000000
       550.25679   0.00050000000
       550.15588   0.00050000000
       550.05501   0.00050000000
       549.95417   0.00050000000
       549.85337   0.00050000000
       549.75261   0.00050000000
       549.65189   0.00050000000
       549.55120   0.00050000000
       549.45055   0.00050000000
       549.34994   0.00050000000
       549.24936   0.00050000000
       549.14882   0.00060000000
       549.04832   0.00060000000
       548.94785   0.00060000000
       548.84742   0.00060000000
       548.74703   0.00060000000
       548.64667   0.00060000000
       548.54635   0.00060000000
       548.44607   0.00060000000
       548.34582   0.00060000000
       548.24561   0.00060000000
       548.14544   0.00060000000
       548.04531   0.00060000000
       547.94521   0.00060000000
       547.84514   0.00060000000
       547.74512   0.00060000000
       547.64513   0.00060000000
       547.54517   0.00060000000
       547.44526   0.00060000000
       547.34537   0.00060000000
       547.24553   0.00060000000
       547.14572   0.00060000000
       547.04595   0.00060000000
       546.94622   0.00060000000
       546.84652   0.00060000000
       546.74686   0.00060000000
       546.64723   0.00060000000
       546.54764   0.00060000000
       546.44809   0.00060000000
       546.34857   0.00060000000
       546.24909   0.00060000000
       546.14965   0.00060000000
       546.05024   0.00060000000
       545.95086   0.00060000000
       545.85153   0.00060000000
       545.75223   0.00060000000
       545.65296   0.00060000000
       545.55374   0.00060000000
       545.45455   0.00070000000
       545.35539   0.00070000000
       545.25627   0.00070000000
       545.15719   0.00070000000
       545.05814   0.00070000000
       544.95913   0.00070000000
       544.86015   0.00070000000
       544.76121   0.00070000000
       544.66231   0.00070000000
       544.56344   0.00070000000
       544.46461   0.00070000000
       544.36581   0.00070000000
       544.26705   0.00070000000
       544.16833   0.00070000000
       544.06964   0.00070000000
       543.97099   0.00070000000
       543.87237   0.00070000000
       543.77379   0.00080000000
       543.67524   0.00080000000
       543.57673   0.00080000000
       543.47826   0.00080000000
       543.37982   0.00080000000
       543.28142   0.00080000000
       543.18305   0.00080000000
       543.08472   0.00080000000
       542.98643   0.00080000000
       542.88817   0.00080000000
       542.78994   0.00080000000
       542.69175   0.00080000000
       542.59360   0.00080000000
       542.49548   0.00080000000
       542.39740   0.00080000000
       542.29935   0.00080000000
       542.20134   0.00080000000
       542.10336   0.00080000000
       542.00542   0.00080000000
       541.90751   0.00080000000
       541.80964   0.00080000000
       541.71181   0.00090000000
       541.61401   0.00090000000
       541.51625   0.00090000000
       541.41852   0.00090000000
       541.32082   0.00090000000
       541.22316   0.00090000000
       541.12554   0.00090000000
       541.02795   0.00090000000
       540.93040   0.00090000000
       540.83288   0.00090000000
       540.73540   0.00090000000
       540.63795   0.00090000000
       540.54054   0.00090000000
       540.44316   0.00090000000
       540.34582   0.00090000000
       540.24851   0.00090000000
       540.15124   0.00090000000
       540.05401   0.00090000000
       539.95680   0.00090000000
       539.85964    0.0010000000
       539.76250    0.0010000000
       539.66541    0.0010000000
       539.56835    0.0010000000
       539.47132    0.0010000000
       539.37433    0.0010000000
       539.27737    0.0010000000
       539.18045    0.0010000000
       539.08356    0.0010000000
       538.98670    0.0010000000
       538.88989    0.0010000000
       538.79310    0.0010000000
       538.69635    0.0010000000
       538.59964    0.0010000000
       538.50296    0.0010000000
       538.40632    0.0010000000
       538.30971    0.0010000000
       538.21313    0.0010000000
       538.11659    0.0010000000
       538.02009    0.0010000000
       537.92361    0.0011000000
       537.82718    0.0011000000
       537.73078    0.0011000000
       537.63441    0.0011000000
       537.53808    0.0011000000
       537.44178    0.0011000000
       537.34551    0.0011000000
       537.24928    0.0011000000
       537.15309    0.0011000000
       537.05693    0.0011000000
       536.96080    0.0011000000
       536.86471    0.0011000000
       536.76865    0.0011000000
       536.67263    0.0011000000
       536.57664    0.0011000000
       536.48069    0.0011000000
       536.38477    0.0012000000
       536.28888    0.0012000000
       536.19303    0.0012000000
       536.09721    0.0012000000
       536.00143    0.0012000000
       535.90568    0.0012000000
       535.80997    0.0012000000
       535.71429    0.0012000000
       535.61864    0.0012000000
       535.52303    0.0012000000
       535.42745    0.0012000000
       535.33191    0.0013000000
       535.23640    0.0013000000
       535.14092    0.0013000000
       535.04548    0.0013000000
       534.95007    0.0013000000
       534.85470    0.0013000000
       534.75936    0.0013000000
       534.66405    0.0013000000
       534.56878    0.0013000000
       534.47354    0.0013000000
       534.37834    0.0013000000
       534.28317    0.0013000000
       534.18803    0.0014000000
       534.09293    0.0014000000
       533.99786    0.0014000000
       533.90283    0.0014000000
       533.80783    0.0014000000
       533.71286    0.0014000000
       533.61793    0.0014000000
       533.52303    0.0014000000
       533.42817    0.0014000000
       533.33333    0.0014000000
       533.23854    0.0014000000
       533.14377    0.0014000000
       533.04904    0.0014000000
       532.95434    0.0014000000
       532.85968    0.0014000000
       532.76505    0.0014000000
       532.67045    0.0014000000
       532.57589    0.0014000000
       532.48136    0.0014000000
       532.38687    0.0015000000
       532.29241    0.0015000000
       532.19798    0.0015000000
       532.10358    0.0015000000
       532.00922    0.0015000000
       531.91489    0.0015000000
       531.82060    0.0015000000
       531.72634    0.0015000000
       531.63211    0.0015000000
       531.53792    0.0015000000
       531.44376    0.0015000000
       531.34963    0.0015000000
       531.25553    0.0015000000
       531.16147    0.0016000000
       531.06745    0.0016000000
       530.97345    0.0016000000
       530.87949    0.0016000000
       530.78556    0.0016000000
       530.69167    0.0016000000
       530.59781    0.0016000000
       530.50398    0.0016000000
       530.41018    0.0016000000
       530.31642    0.0016000000
       530.22269    0.0016000000
       530.12900    0.0017000000
       530.03534    0.0017000000
       529.94171    0.0017000000
       529.84811    0.0017000000
       529.75455    0.0017000000
       529.66102    0.0017000000
       529.56752    0.0017000000
       529.47406    0.0017000000
       529.38062    0.0017000000
       529.28723    0.0017000000
       529.19386    0.0017000000
       529.10053    0.0017000000
       529.00723    0.0018000000
       528.91396    0.0018000000
       528.82073    0.0018000000
       528.72753    0.0018000000
       528.63436    0.0018000000
       528.54123    0.0018000000
       528.44812    0.0018000000
       528.35505    0.0018000000
       528.26202    0.0018000000
       528.16901    0.0018000000
       528.07604    0.0018000000
       527.98310    0.0019000000
       527.89020    0.0019000000
       527.79733    0.0019000000
       527.70449    0.0019000000
       527.61168    0.0019000000
       527.51890    0.0019000000
       527.42616    0.0019000000
       527.33345    0.0019000000
       527.24077    0.0019000000
       527.14813    0.0020000000
       527.05552    0.0020000000
       526.96294    0.0020000000
       526.87039    0.0020000000
       526.77788    0.0020000000
       526.68539    0.0020000000
       526.59294    0.0020000000
       526.50053    0.0020000000
       526.40814    0.0020000000
       526.31579    0.0020000000
       526.22347    0.0021000000
       526.13118    0.0021000000
       526.03893    0.0021000000
       525.94670    0.0021000000
       525.85451    0.0021000000
       525.76236    0.0021000000
       525.67023    0.0021000000
       525.57814    0.0021000000
       525.48607    0.0021000000
       525.39405    0.0021000000
       525.30205    0.0022000000
       525.21008    0.0022000000
       525.11815    0.0022000000
       525.02625    0.0022000000
       524.93438    0.0022000000
       524.84255    0.0022000000
       524.75074    0.0022000000
       524.65897    0.0022000000
       524.56723    0.0023000000
       524.47552    0.0023000000
       524.38385    0.0023000000
       524.29221    0.0023000000
       524.20059    0.0023000000
       524.10901    0.0023000000
       524.01747    0.0023000000
       523.92595    0.0023000000
       523.83447    0.0023000000
       523.74302    0.0024000000
       523.65160    0.0024000000
       523.56021    0.0024000000
       523.46885    0.0024000000
       523.37753    0.0024000000
       523.28624    0.0024000000
       523.19498    0.0024000000
       523.10375    0.0024000000
       523.01255    0.0025000000
       522.92139    0.0025000000
       522.83025    0.0025000000
       522.73915    0.0025000000
       522.64808    0.0025000000
       522.55705    0.0025000000
       522.46604    0.0025000000
       522.37507    0.0025000000
       522.28412    0.0025000000
       522.19321    0.0026000000
       522.10233    0.0026000000
       522.01148    0.0026000000
       521.92067    0.0026000000
       521.82988    0.0026000000
       521.73913    0.0026000000
       521.64841    0.0026000000
       521.55772    0.0026000000
       521.46706    0.0027000000
       521.37643    0.0027000000
       521.28584    0.0027000000
       521.19527    0.0027000000
       521.10474    0.0027000000
       521.01424    0.0027000000
       520.92377    0.0027000000
       520.83333    0.0028000000
       520.74293    0.0028000000
       520.65255    0.0028000000
       520.56221    0.0028000000
       520.47189    0.0028000000
       520.38161    0.0028000000
       520.29136    0.0028000000
       520.20114    0.0029000000
       520.11096    0.0029000000
       520.02080    0.0029000000
       519.93068    0.0029000000
       519.84058    0.0029000000
       519.75052    0.0029000000
       519.66049    0.0030000000
       519.57049    0.0030000000
       519.48052    0.0030000000
       519.39058    0.0030000000
       519.30068    0.0030000000
       519.21080    0.0030000000
       519.12096    0.0031000000
       519.03114    0.0031000000
       518.94136    0.0031000000
       518.85161    0.0031000000
       518.76189    0.0031000000
       518.67220    0.0031000000
       518.58254    0.0032000000
       518.49291    0.0032000000
       518.40332    0.0032000000
       518.31375    0.0032000000
       518.22422    0.0032000000
       518.13472    0.0033000000
       518.04524    0.0033000000
       517.95580    0.0033000000
       517.86639    0.0033000000
       517.77701    0.0033000000
       517.68766    0.0033000000
       517.59834    0.0034000000
       517.50906    0.0034000000
       517.41980    0.0034000000
       517.33057    0.0034000000
       517.24138    0.0034000000
       517.15222    0.0035000000
       517.06308    0.0035000000
       516.97398    0.0035000000
       516.88491    0.0035000000
       516.79587    0.0035000000
       516.70685    0.0035000000
       516.61787    0.0035000000
       516.52893    0.0036000000
       516.44001    0.0036000000
       516.35112    0.0036000000
       516.26226    0.0036000000
       516.17343    0.0036000000
       516.08464    0.0036000000
       515.99587    0.0037000000
       515.90714    0.0037000000
       515.81843    0.0037000000
       515.72976    0.0037000000
       515.64111    0.0037000000
       515.55250    0.0037000000
       515.46392    0.0037000000
       515.37537    0.0037000000
       515.28684    0.0038000000
       515.19835    0.0038000000
       515.10989    0.0038000000
       515.02146    0.0038000000
       514.93306    0.0038000000
       514.84469    0.0038000000
       514.75635    0.0038000000
       514.66804    0.0038000000
       514.57976    0.0039000000
       514.49151    0.0039000000
       514.40329    0.0039000000
       514.31510    0.0039000000
       514.22695    0.0039000000
       514.13882    0.0039000000
       514.05072    0.0039000000
       513.96265    0.0039000000
       513.87461    0.0040000000
       513.78661    0.0040000000
       513.69863    0.0040000000
       513.61068    0.0040000000
       513.52277    0.0040000000
       513.43488    0.0040000000
       513.34702    0.0040000000
       513.25920    0.0040000000
       513.17140    0.0041000000
       513.08363    0.0041000000
       512.99590    0.0041000000
       512.90819    0.0041000000
       512.82051    0.0041000000
       512.73287    0.0041000000
       512.64525    0.0041000000
       512.55766    0.0041000000
       512.47011    0.0042000000
       512.38258    0.0042000000
       512.29508    0.0042000000
       512.20761    0.0042000000
       512.12018    0.0042000000
       512.03277    0.0042000000
       511.94539    0.0043000000
       511.85804    0.0043000000
       511.77073    0.0043000000
       511.68344    0.0043000000
       511.59618    0.0043000000
       511.50895    0.0043000000
       511.42175    0.0044000000
       511.33458    0.0044000000
       511.24744    0.0044000000
       511.16033    0.0044000000
       511.07325    0.0044000000
       510.98620    0.0045000000
       510.89918    0.0045000000
       510.81219    0.0045000000
       510.72523    0.0045000000
       510.63830    0.0045000000
       510.55140    0.0046000000
       510.46452    0.0046000000
       510.37768    0.0046000000
       510.29087    0.0046000000
       510.20408    0.0046000000
       510.11733    0.0047000000
       510.03060    0.0047000000
       509.94391    0.0047000000
       509.85724    0.0047000000
       509.77060    0.0047000000
       509.68400    0.0048000000
       509.59742    0.0048000000
       509.51087    0.0048000000
       509.42435    0.0048000000
       509.33786    0.0048000000
       509.25140    0.0049000000
       509.16497    0.0049000000
       509.07857    0.0049000000
       508.99220    0.0049000000
       508.90585    0.0050000000
       508.81954    0.0050000000
       508.73325    0.0050000000
       508.64700    0.0050000000
       508.56077    0.0050000000
       508.47458    0.0051000000
       508.38841    0.0051000000
       508.30227    0.0051000000
       508.21616    0.0051000000
       508.13008    0.0052000000
       508.04403    0.0052000000
       507.95801    0.0052000000
       507.87202    0.0052000000
       507.78605    0.0052000000
       507.70012    0.0053000000
       507.61421    0.0053000000
       507.52834    0.0053000000
       507.44249    0.0053000000
       507.35667    0.0054000000
       507.27088    0.0054000000
       507.18512    0.0054000000
       507.09939    0.0054000000
       507.01369    0.0055000000
       506.92802    0.0055000000
       506.84237    0.0055000000
       506.75676    0.0055000000
       506.67117    0.0055000000
       506.58561    0.0056000000
       506.50008    0.0056000000
       506.41458    0.0056000000
       506.32911    0.0056000000
       506.24367    0.0056000000
       506.15826    0.0057000000
       506.07287    0.0057000000
       505.98752    0.0057000000
       505.90219    0.0057000000
       505.81689    0.0057000000
       505.73163    0.0058000000
       505.64638    0.0058000000
       505.56117    0.0058000000
       505.47599    0.0058000000
       505.39084    0.0058000000
       505.30571    0.0059000000
       505.22061    0.0059000000
       505.13554    0.0059000000
       505.05051    0.0059000000
       504.96549    0.0060000000
       504.88051    0.0060000000
       504.79556    0.0060000000
       504.71063    0.0060000000
       504.62574    0.0061000000
       504.54087    0.0061000000
       504.45603    0.0061000000
       504.37122    0.0061000000
       504.28643    0.0062000000
       504.20168    0.0062000000
       504.11696    0.0062000000
       504.03226    0.0062000000
       503.94759    0.0062000000
       503.86295    0.0063000000
       503.77834    0.0063000000
       503.69375    0.0063000000
       503.60920    0.0063000000
       503.52467    0.0064000000
       503.44017    0.0064000000
       503.35570    0.0064000000
       503.27126    0.0064000000
       503.18685    0.0064000000
       503.10247    0.0065000000
       503.01811    0.0065000000
       502.93378    0.0065000000
       502.84948    0.0065000000
       502.76521    0.0065000000
       502.68097    0.0066000000
       502.59675    0.0066000000
       502.51256    0.0066000000
       502.42840    0.0066000000
       502.34427    0.0066000000
       502.26017    0.0067000000
       502.17610    0.0067000000
       502.09205    0.0067000000
       502.00803    0.0067000000
       501.92404    0.0068000000
       501.84008    0.0068000000
       501.75615    0.0068000000
       501.67224    0.0068000000
       501.58836    0.0068000000
       501.50451    0.0069000000
       501.42069    0.0069000000
       501.33690    0.0069000000
       501.25313    0.0070000000
       501.16940    0.0070000000
       501.08569    0.0070000000
       501.00200    0.0070000000
       500.91835    0.0071000000
       500.83472    0.0071000000
       500.75113    0.0071000000
       500.66756    0.0072000000
       500.58401    0.0072000000
       500.50050    0.0072000000
       500.41701    0.0072000000
       500.33356    0.0073000000
       500.25013    0.0073000000
       500.16672    0.0073000000
       500.08335    0.0074000000
       500.00000    0.0074000000
       499.91668    0.0074000000
       499.83339    0.0075000000
       499.75012    0.0075000000
       499.66689    0.0075000000
       499.58368    0.0075000000
       499.50050    0.0076000000
       499.41735    0.0076000000
       499.33422    0.0076000000
       499.25112    0.0077000000
       499.16805    0.0077000000
       499.08501    0.0077000000
       499.00200    0.0077000000
       498.91901    0.0078000000
       498.83605    0.0078000000
       498.75312    0.0078000000
       498.67021    0.0078000000
       498.58734    0.0079000000
       498.50449    0.0079000000
       498.42166    0.0079000000
       498.33887    0.0080000000
       498.25610    0.0080000000
       498.17336    0.0080000000
       498.09065    0.0080000000
       498.00797    0.0081000000
       497.92531    0.0081000000
       497.84268    0.0081000000
       497.76008    0.0081000000
       497.67750    0.0082000000
       497.59496    0.0082000000
       497.51244    0.0082000000
       497.42995    0.0083000000
       497.34748    0.0083000000
       497.26504    0.0083000000
       497.18263    0.0084000000
       497.10025    0.0084000000
       497.01789    0.0084000000
       496.93556    0.0085000000
       496.85326    0.0085000000
       496.77099    0.0085000000
       496.68874    0.0086000000
       496.60652    0.0086000000
       496.52433    0.0086000000
       496.44216    0.0086000000
       496.36003    0.0087000000
       496.27792    0.0087000000
       496.19583    0.0087000000
       496.11378    0.0088000000
       496.03175    0.0088000000
       495.94974    0.0088000000
       495.86777    0.0088000000
       495.78582    0.0089000000
       495.70390    0.0089000000
       495.62201    0.0089000000
       495.54014    0.0090000000
       495.45830    0.0090000000
       495.37649    0.0090000000
       495.29470    0.0090000000
       495.21294    0.0091000000
       495.13121    0.0091000000
       495.04950    0.0091000000
       494.96783    0.0091000000
       494.88618    0.0092000000
       494.80455    0.0092000000
       494.72296    0.0092000000
       494.64138    0.0092000000
       494.55984    0.0093000000
       494.47833    0.0093000000
       494.39684    0.0093000000
       494.31537    0.0093000000
       494.23394    0.0094000000
       494.15253    0.0094000000
       494.07115    0.0094000000
       493.98979    0.0094000000
       493.90846    0.0095000000
       493.82716    0.0095000000
       493.74589    0.0095000000
       493.66464    0.0095000000
       493.58342    0.0096000000
       493.50222    0.0096000000
       493.42105    0.0096000000
       493.33991    0.0096000000
       493.25880    0.0097000000
       493.17771    0.0097000000
       493.09665    0.0097000000
       493.01561    0.0097000000
       492.93460    0.0098000000
       492.85362    0.0098000000
       492.77267    0.0098000000
       492.69174    0.0098000000
       492.61084    0.0098000000
       492.52996    0.0099000000
       492.44911    0.0099000000
       492.36829    0.0099000000
       492.28750    0.0099000000
       492.20673    0.0099000000
       492.12598     0.010000000
       492.04527     0.010000000
       491.96458     0.010000000
       491.88392     0.010000000
       491.80328     0.010000000
       491.72267     0.010100000
       491.64208     0.010100000
       491.56153     0.010100000
       491.48100     0.010100000
       491.40049     0.010100000
       491.32001     0.010200000
       491.23956     0.010200000
       491.15914     0.010200000
       491.07874     0.010200000
       490.99836     0.010200000
       490.91802     0.010300000
       490.83770     0.010300000
       490.75740     0.010300000
       490.67713     0.010300000
       490.59689     0.010300000
       490.51668     0.010300000
       490.43649     0.010400000
       490.35633     0.010400000
       490.27619     0.010400000
       490.19608     0.010400000
       490.11599     0.010400000
       490.03594     0.010500000
       489.95590     0.010500000
       489.87590     0.010500000
       489.79592     0.010500000
       489.71596     0.010500000
       489.63604     0.010500000
       489.55614     0.010600000
       489.47626     0.010600000
       489.39641     0.010600000
       489.31659     0.010600000
       489.23679     0.010600000
       489.15702     0.010700000
       489.07727     0.010700000
       488.99756     0.010700000
       488.91786     0.010700000
       488.83819     0.010700000
       488.75855     0.010800000
       488.67894     0.010800000
       488.59935     0.010800000
       488.51979     0.010800000
       488.44025     0.010900000
       488.36074     0.010900000
       488.28125     0.010900000
       488.20179     0.010900000
       488.12236     0.011000000
       488.04295     0.011000000
       487.96357     0.011000000
       487.88421     0.011000000
       487.80488     0.011000000
       487.72557     0.011100000
       487.64629     0.011100000
       487.56704     0.011100000
       487.48781     0.011100000
       487.40861     0.011100000
       487.32943     0.011100000
       487.25028     0.011200000
       487.17116     0.011200000
       487.09206     0.011200000
       487.01299     0.011200000
       486.93394     0.011200000
       486.85492     0.011200000
       486.77592     0.011300000
       486.69695     0.011300000
       486.61800     0.011300000
       486.53909     0.011300000
       486.46019     0.011300000
       486.38132     0.011300000
       486.30248     0.011300000
       486.22366     0.011300000
       486.14487     0.011400000
       486.06610     0.011400000
       485.98736     0.011400000
       485.90865     0.011400000
       485.82996     0.011400000
       485.75130     0.011400000
       485.67266     0.011400000
       485.59404     0.011500000
       485.51546     0.011500000
       485.43689     0.011500000
       485.35836     0.011500000
       485.27984     0.011600000
       485.20136     0.011600000
       485.12290     0.011600000
       485.04446     0.011700000
       484.96605     0.011700000
       484.88767     0.011800000
       484.80931     0.011800000
       484.73097     0.011800000
       484.65267     0.011900000
       484.57438     0.011900000
       484.49612     0.011900000
       484.41789     0.012000000
       484.33968     0.012000000
       484.26150     0.012100000
       484.18334     0.012100000
       484.10521     0.012200000
       484.02711     0.012300000
       483.94902     0.012400000
       483.87097     0.012400000
       483.79294     0.012500000
       483.71493     0.012600000
       483.63695     0.012700000
       483.55899     0.012800000
       483.48106     0.012800000
       483.40316     0.012900000
       483.32528     0.013000000
       483.24742     0.013100000
       483.16959     0.013100000
       483.09179     0.013300000
       483.01401     0.013400000
       482.93625     0.013500000
       482.85852     0.013700000
       482.78082     0.013800000
       482.70314     0.014000000
       482.62548     0.014100000
       482.54785     0.014200000
       482.47025     0.014400000
       482.39267     0.014500000
       482.31511     0.014600000
       482.23758     0.014800000
       482.16008     0.014900000
       482.08260     0.015100000
       482.00514     0.015200000
       481.92771     0.015400000
       481.85031     0.015600000
       481.77292     0.015800000
       481.69557     0.016000000
       481.61824     0.016200000
       481.54093     0.016400000
       481.46365     0.016600000
       481.38639     0.016800000
       481.30916     0.017000000
       481.23195     0.017200000
       481.15477     0.017400000
       481.07761     0.017600000
       481.00048     0.017800000
       480.92337     0.018000000
       480.84629     0.018200000
       480.76923     0.018500000
       480.69220     0.018700000
       480.61519     0.019000000
       480.53820     0.019300000
       480.46124     0.019600000
       480.38431     0.019800000
       480.30740     0.020100000
       480.23051     0.020400000
       480.15365     0.020700000
       480.07681     0.020900000
       480.00000     0.021200000
       479.92321     0.021500000
       479.84645     0.021800000
       479.76971     0.022000000
       479.69300     0.022300000
       479.61631     0.022600000
       479.53964     0.022900000
       479.46300     0.023200000
       479.38639     0.023500000
       479.30979     0.023900000
       479.23323     0.024200000
       479.15668     0.024500000
       479.08017     0.024800000
       479.00367     0.025100000
       478.92720     0.025400000
       478.85076     0.025800000
       478.77434     0.026100000
       478.69794     0.026400000
       478.62157     0.026700000
       478.54522     0.027000000
       478.46890     0.027400000
       478.39260     0.027700000
       478.31633     0.028100000
       478.24008     0.028400000
       478.16385     0.028800000
       478.08765     0.029200000
       478.01147     0.029500000
       477.93532     0.029900000
       477.85919     0.030300000
       477.78309     0.030600000
       477.70701     0.031000000
       477.63095     0.031400000
       477.55492     0.031700000
       477.47891     0.032100000
       477.40293     0.032400000
       477.32697     0.032800000
       477.25103     0.033200000
       477.17512     0.033700000
       477.09924     0.034200000
       477.02337     0.034600000
       476.94754     0.035100000
       476.87172     0.035500000
       476.79593     0.036000000
       476.72017     0.036500000
       476.64442     0.036900000
       476.56871     0.037400000
       476.49301     0.037800000
       476.41734     0.038300000
       476.34170     0.038700000
       476.26607     0.039200000
       476.19048     0.039700000
       476.11490     0.040200000
       476.03935     0.040800000
       475.96383     0.041300000
       475.88832     0.041900000
       475.81285     0.042500000
       475.73739     0.043100000
       475.66196     0.043600000
       475.58656     0.044200000
       475.51117     0.044800000
       475.43582     0.045400000
       475.36048     0.045900000
       475.28517     0.046500000
       475.20988     0.047100000
       475.13462     0.047700000
       475.05938     0.048200000
       474.98417     0.048900000
       474.90898     0.049600000
       474.83381     0.050300000
       474.75866     0.051100000
       474.68354     0.051800000
       474.60845     0.052500000
       474.53338     0.053300000
       474.45833     0.054000000
       474.38330     0.054700000
       474.30830     0.055500000
       474.23332     0.056200000
       474.15837     0.056900000
       474.08344     0.057700000
       474.00853     0.058400000
       473.93365     0.059100000
       473.85879     0.059900000
       473.78395     0.060700000
       473.70914     0.061500000
       473.63435     0.062400000
       473.55959     0.063200000
       473.48485     0.064000000
       473.41013     0.064800000
       473.33544     0.065700000
       473.26077     0.066500000
       473.18612     0.067300000
       473.11150     0.068200000
       473.03690     0.069000000
       472.96232     0.069800000
       472.88777     0.070600000
       472.81324     0.071500000
       472.73873     0.072300000
       472.66425     0.073200000
       472.58979     0.074200000
       472.51536     0.075100000
       472.44094     0.076000000
       472.36656     0.077000000
       472.29219     0.077900000
       472.21785     0.078800000
       472.14353     0.079800000
       472.06924     0.080700000
       471.99497     0.081600000
       471.92072     0.082600000
       471.84649     0.083500000
       471.77229     0.084500000
       471.69811     0.085400000
       471.62396     0.086400000
       471.54983     0.087300000
       471.47572     0.088300000
       471.40163     0.089300000
       471.32757     0.090300000
       471.25353     0.091300000
       471.17952     0.092400000
       471.10553     0.093400000
       471.03156     0.094400000
       470.95761     0.095400000
       470.88369     0.096400000
       470.80979     0.097400000
       470.73592     0.098400000
       470.66206     0.099400000
       470.58824      0.10040000
       470.51443      0.10140000
       470.44065      0.10240000
       470.36689      0.10330000
       470.29315      0.10430000
       470.21944      0.10530000
       470.14575      0.10620000
       470.07208      0.10720000
       469.99843      0.10810000
       469.92481      0.10910000
       469.85121      0.11000000
       469.77764      0.11100000
       469.70409      0.11190000
       469.63056      0.11280000
       469.55705      0.11380000
       469.48357      0.11470000
       469.41011      0.11560000
       469.33667      0.11660000
       469.26326      0.11770000
       469.18987      0.11880000
       469.11650      0.11990000
       469.04315      0.12100000
       468.96983      0.12210000
       468.89653      0.12320000
       468.82325      0.12430000
       468.75000      0.12530000
       468.67677      0.12640000
       468.60356      0.12750000
       468.53038      0.12860000
       468.45721      0.12970000
       468.38407      0.13070000
       468.31096      0.13180000
       468.23786      0.13290000
       468.16479      0.13410000
       468.09175      0.13540000
       468.01872      0.13660000
       467.94572      0.13780000
       467.87274      0.13910000
       467.79978      0.14030000
       467.72685      0.14150000
       467.65394      0.14270000
       467.58105      0.14400000
       467.50818      0.14520000
       467.43534      0.14640000
       467.36252      0.14760000
       467.28972      0.14880000
       467.21694      0.15000000
       467.14419      0.15120000
       467.07146      0.15260000
       466.99875      0.15400000
       466.92607      0.15540000
       466.85341      0.15670000
       466.78077      0.15810000
       466.70815      0.15950000
       466.63556      0.16090000
       466.56299      0.16230000
       466.49044      0.16360000
       466.41791      0.16500000
       466.34541      0.16640000
       466.27293      0.16780000
       466.20047      0.16920000
       466.12803      0.17050000
       466.05562      0.17190000
       465.98322      0.17340000
       465.91086      0.17500000
       465.83851      0.17660000
       465.76619      0.17820000
       465.69388      0.17980000
       465.62160      0.18140000
       465.54935      0.18300000
       465.47711      0.18460000
       465.40490      0.18620000
       465.33271      0.18780000
       465.26055      0.18940000
       465.18840      0.19100000
       465.11628      0.19260000
       465.04418      0.19420000
       464.97210      0.19580000
       464.90005      0.19750000
       464.82801      0.19920000
       464.75600      0.20100000
       464.68401      0.20280000
       464.61205      0.20460000
       464.54011      0.20630000
       464.46818      0.20810000
       464.39628      0.20990000
       464.32441      0.21170000
       464.25255      0.21340000
       464.18072      0.21520000
       464.10891      0.21700000
       464.03712      0.21880000
       463.96536      0.22060000
       463.89361      0.22240000
       463.82189      0.22420000
       463.75019      0.22580000
       463.67852      0.22750000
       463.60686      0.22920000
       463.53523      0.23090000
       463.46362      0.23250000
       463.39203      0.23420000
       463.32046      0.23590000
       463.24892      0.23760000
       463.17740      0.23920000
       463.10590      0.24090000
       463.03442      0.24260000
       462.96296      0.24420000
       462.89153      0.24590000
       462.82012      0.24760000
       462.74873      0.24920000
       462.67736      0.25080000
       462.60601      0.25230000
       462.53469      0.25390000
       462.46339      0.25540000
       462.39211      0.25700000
       462.32085      0.25850000
       462.24961      0.26000000
       462.17840      0.26160000
       462.10721      0.26310000
       462.03604      0.26460000
       461.96489      0.26620000
       461.89376      0.26770000
       461.82266      0.26920000
       461.75158      0.27070000
       461.68052      0.27220000
       461.60948      0.27360000
       461.53846      0.27500000
       461.46747      0.27630000
       461.39649      0.27760000
       461.32554      0.27890000
       461.25461      0.28020000
       461.18370      0.28150000
       461.11282      0.28290000
       461.04195      0.28420000
       460.97111      0.28550000
       460.90029      0.28680000
       460.82949      0.28810000
       460.75872      0.28940000
       460.68796      0.29070000
       460.61723      0.29200000
       460.54652      0.29310000
       460.47583      0.29400000
       460.40516      0.29500000
       460.33451      0.29590000
       460.26388      0.29680000
       460.19328      0.29780000
       460.12270      0.29870000
       460.05214      0.29960000
       459.98160      0.30050000
       459.91108      0.30150000
       459.84059      0.30240000
       459.77011      0.30330000
       459.69966      0.30420000
       459.62923      0.30510000
       459.55882      0.30600000
       459.48844      0.30700000
       459.41807      0.30830000
       459.34773      0.30950000
       459.27740      0.31080000
       459.20710      0.31210000
       459.13682      0.31340000
       459.06656      0.31470000
       458.99633      0.31590000
       458.92611      0.31720000
       458.85592      0.31850000
       458.78575      0.31980000
       458.71560      0.32100000
       458.64547      0.32230000
       458.57536      0.32360000
       458.50527      0.32490000
       458.43521      0.32620000
       458.36516      0.32750000
       458.29514      0.32880000
       458.22514      0.33010000
       458.15516      0.33150000
       458.08520      0.33280000
       458.01527      0.33410000
       457.94535      0.33540000
       457.87546      0.33680000
       457.80559      0.33810000
       457.73573      0.33940000
       457.66590      0.34080000
       457.59610      0.34210000
       457.52631      0.34340000
       457.45654      0.34480000
       457.38680      0.34610000
       457.31707      0.34740000
       457.24737      0.34860000
       457.17769      0.34980000
       457.10803      0.35100000
       457.03839      0.35230000
       456.96877      0.35350000
       456.89918      0.35470000
       456.82960      0.35600000
       456.76005      0.35720000
       456.69052      0.35840000
       456.62100      0.35970000
       456.55151      0.36090000
       456.48205      0.36220000
       456.41260      0.36340000
       456.34317      0.36460000
       456.27376      0.36560000
       456.20438      0.36660000
       456.13502      0.36750000
       456.06567      0.36840000
       455.99635      0.36930000
       455.92705      0.37020000
       455.85777      0.37110000
       455.78851      0.37200000
       455.71928      0.37290000
       455.65006      0.37380000
       455.58087      0.37470000
       455.51169      0.37560000
       455.44254      0.37650000
       455.37341      0.37740000
       455.30430      0.37830000
       455.23520      0.37900000
       455.16614      0.37940000
       455.09709      0.37980000
       455.02806      0.38030000
       454.95905      0.38070000
       454.89007      0.38110000
       454.82110      0.38150000
       454.75216      0.38190000
       454.68324      0.38230000
       454.61434      0.38270000
       454.54545      0.38310000
       454.47659      0.38350000
       454.40776      0.38400000
       454.33894      0.38440000
       454.27014      0.38480000
       454.20136      0.38520000
       454.13261      0.38570000
       454.06387      0.38630000
       453.99516      0.38680000
       453.92646      0.38730000
       453.85779      0.38790000
       453.78914      0.38840000
       453.72051      0.38890000
       453.65190      0.38950000
       453.58331      0.39000000
       453.51474      0.39050000
       453.44619      0.39110000
       453.37766      0.39160000
       453.30916      0.39210000
       453.24067      0.39270000
       453.17221      0.39320000
       453.10376      0.39310000
       453.03534      0.39300000
       452.96693      0.39290000
       452.89855      0.39280000
       452.83019      0.39270000
       452.76185      0.39250000
       452.69353      0.39240000
       452.62523      0.39230000
       452.55695      0.39220000
       452.48869      0.39210000
       452.42045      0.39200000
       452.35223      0.39190000
       452.28403      0.39170000
       452.21586      0.39160000
       452.14770      0.39150000
       452.07957      0.39160000
       452.01145      0.39180000
       451.94336      0.39190000
       451.87528      0.39210000
       451.80723      0.39220000
       451.73920      0.39230000
       451.67118      0.39250000
       451.60319      0.39260000
       451.53522      0.39280000
       451.46727      0.39290000
       451.39934      0.39310000
       451.33143      0.39320000
       451.26354      0.39340000
       451.19567      0.39350000
       451.12782      0.39370000
       451.05999      0.39380000
       450.99218      0.39400000
       450.92440      0.39410000
       450.85663      0.39430000
       450.78888      0.39450000
       450.72115      0.39460000
       450.65345      0.39480000
       450.58576      0.39500000
       450.51810      0.39510000
       450.45045      0.39530000
       450.38283      0.39550000
       450.31522      0.39560000
       450.24764      0.39580000
       450.18007      0.39600000
       450.11253      0.39610000
       450.04500      0.39630000
       449.97750      0.39650000
       449.91002      0.39670000
       449.84256      0.39680000
       449.77511      0.39700000
       449.70769      0.39720000
       449.64029      0.39740000
       449.57291      0.39750000
       449.50554      0.39770000
       449.43820      0.39790000
       449.37088      0.39810000
       449.30358      0.39820000
       449.23630      0.39840000
       449.16904      0.39860000
       449.10180      0.39880000
       449.03458      0.39900000
       448.96738      0.39940000
       448.90019      0.39990000
       448.83303      0.40030000
       448.76589      0.40080000
       448.69877      0.40130000
       448.63167      0.40170000
       448.56459      0.40220000
       448.49753      0.40260000
       448.43049      0.40310000
       448.36347      0.40360000
       448.29647      0.40400000
       448.22949      0.40450000
       448.16253      0.40490000
       448.09559      0.40540000
       448.02867      0.40590000
       447.96177      0.40570000
       447.89489      0.40560000
       447.82803      0.40540000
       447.76119      0.40520000
       447.69437      0.40500000
       447.62757      0.40480000
       447.56079      0.40460000
       447.49403      0.40440000
       447.42729      0.40420000
       447.36057      0.40400000
       447.29387      0.40380000
       447.22719      0.40360000
       447.16053      0.40340000
       447.09389      0.40330000
       447.02727      0.40310000
       446.96067      0.40310000
       446.89409      0.40320000
       446.82752      0.40340000
       446.76098      0.40360000
       446.69446      0.40370000
       446.62796      0.40390000
       446.56148      0.40400000
       446.49501      0.40420000
       446.42857      0.40430000
       446.36215      0.40450000
       446.29575      0.40460000
       446.22936      0.40480000
       446.16300      0.40490000
       446.09665      0.40510000
       446.03033      0.40520000
       445.96403      0.40530000
       445.89774      0.40520000
       445.83148      0.40510000
       445.76523      0.40500000
       445.69900      0.40500000
       445.63280      0.40490000
       445.56661      0.40480000
       445.50045      0.40470000
       445.43430      0.40470000
       445.36817      0.40460000
       445.30206      0.40450000
       445.23598      0.40440000
       445.16991      0.40440000
       445.10386      0.40430000
       445.03783      0.40420000
       444.97182      0.40410000
       444.90583      0.40390000
       444.83986      0.40370000
       444.77391      0.40350000
       444.70798      0.40330000
       444.64206      0.40310000
       444.57617      0.40290000
       444.51030      0.40260000
       444.44444      0.40240000
       444.37861      0.40220000
       444.31280      0.40200000
       444.24700      0.40180000
       444.18123      0.40160000
       444.11547      0.40140000
       444.04973      0.40120000
       443.98402      0.40100000
       443.91832      0.40080000
       443.85264      0.40070000
       443.78698      0.40060000
       443.72134      0.40040000
       443.65572      0.40030000
       443.59012      0.40020000
       443.52454      0.40000000
       443.45898      0.39990000
       443.39344      0.39980000
       443.32791      0.39960000
       443.26241      0.39950000
       443.19693      0.39940000
       443.13146      0.39920000
       443.06602      0.39910000
       443.00059      0.39900000
       442.93518      0.39860000
       442.86980      0.39820000
       442.80443      0.39780000
       442.73908      0.39740000
       442.67375      0.39700000
       442.60844      0.39660000
       442.54315      0.39620000
       442.47788      0.39580000
       442.41262      0.39540000
       442.34739      0.39500000
       442.28218      0.39460000
       442.21698      0.39420000
       442.15181      0.39380000
       442.08665      0.39340000
       442.02151      0.39300000
       441.95639      0.39270000
       441.89129      0.39250000
       441.82622      0.39230000
       441.76115      0.39210000
       441.69611      0.39180000
       441.63109      0.39160000
       441.56609      0.39140000
       441.50110      0.39120000
       441.43614      0.39100000
       441.37119      0.39080000
       441.30627      0.39050000
       441.24136      0.39030000
       441.17647      0.39010000
       441.11160      0.38990000
       441.04675      0.38970000
       440.98192      0.38940000
       440.91711      0.38910000
       440.85231      0.38870000
       440.78754      0.38840000
       440.72279      0.38810000
       440.65805      0.38780000
       440.59333      0.38740000
       440.52863      0.38710000
       440.46396      0.38680000
       440.39930      0.38640000
       440.33465      0.38610000
       440.27003      0.38580000
       440.20543      0.38540000
       440.14085      0.38510000
       440.07628      0.38470000
       440.01173      0.38430000
       439.94721      0.38350000
       439.88270      0.38270000
       439.81821      0.38190000
       439.75374      0.38110000
       439.68929      0.38030000
       439.62485      0.37950000
       439.56044      0.37870000
       439.49604      0.37790000
       439.43167      0.37710000
       439.36731      0.37630000
       439.30297      0.37550000
       439.23865      0.37470000
       439.17435      0.37380000
       439.11007      0.37300000
       439.04581      0.37220000
       438.98156      0.37070000
       438.91734      0.36910000
       438.85313      0.36760000
       438.78894      0.36600000
       438.72477      0.36450000
       438.66062      0.36290000
       438.59649      0.36140000
       438.53238      0.35980000
       438.46828      0.35830000
       438.40421      0.35670000
       438.34015      0.35520000
       438.27611      0.35360000
       438.21209      0.35210000
       438.14809      0.35050000
       438.08411      0.34900000
       438.02015      0.34710000
       437.95620      0.34510000
       437.89228      0.34310000
       437.82837      0.34110000
       437.76448      0.33910000
       437.70061      0.33700000
       437.63676      0.33500000
       437.57293      0.33300000
       437.50911      0.33100000
       437.44532      0.32900000
       437.38154      0.32700000
       437.31778      0.32500000
       437.25404      0.32310000
       437.19032      0.32110000
       437.12662      0.31910000
       437.06294      0.31710000
       436.99927      0.31510000
       436.93562      0.31310000
       436.87200      0.31110000
       436.80839      0.30910000
       436.74480      0.30720000
       436.68122      0.30520000
       436.61767      0.30320000
       436.55413      0.30120000
       436.49062      0.29920000
       436.42712      0.29720000
       436.36364      0.29530000
       436.30017      0.29330000
       436.23673      0.29130000
       436.17331      0.28930000
       436.10990      0.28730000
       436.04651      0.28510000
       435.98314      0.28290000
       435.91979      0.28070000
       435.85646      0.27850000
       435.79314      0.27640000
       435.72985      0.27420000
       435.66657      0.27200000
       435.60331      0.26990000
       435.54007      0.26770000
       435.47685      0.26550000
       435.41364      0.26340000
       435.35046      0.26120000
       435.28729      0.25910000
       435.22414      0.25690000
       435.16101      0.25480000
       435.09790      0.25280000
       435.03480      0.25080000
       434.97173      0.24890000
       434.90867      0.24690000
       434.84563      0.24490000
       434.78261      0.24290000
       434.71961      0.24100000
       434.65662      0.23900000
       434.59365      0.23700000
       434.53071      0.23500000
       434.46778      0.23310000
       434.40487      0.23110000
       434.34197      0.22910000
       434.27910      0.22720000
       434.21624      0.22520000
       434.15340      0.22340000
       434.09058      0.22160000
       434.02778      0.21990000
       433.96499      0.21810000
       433.90223      0.21630000
       433.83948      0.21450000
       433.77675      0.21280000
       433.71404      0.21100000
       433.65134      0.20920000
       433.58867      0.20740000
       433.52601      0.20560000
       433.46337      0.20380000
       433.40075      0.20200000
       433.33815      0.20020000
       433.27556      0.19840000
       433.21300      0.19670000
       433.15045      0.19490000
       433.08792      0.19310000
       433.02540      0.19140000
       432.96291      0.18960000
       432.90043      0.18780000
       432.83797      0.18610000
       432.77553      0.18430000
       432.71311      0.18250000
       432.65071      0.18070000
       432.58832      0.17900000
       432.52595      0.17720000
       432.46360      0.17540000
       432.40127      0.17360000
       432.33895      0.17180000
       432.27666      0.17010000
       432.21438      0.16840000
       432.15212      0.16660000
       432.08987      0.16490000
       432.02765      0.16320000
       431.96544      0.16150000
       431.90325      0.15980000
       431.84108      0.15810000
       431.77893      0.15640000
       431.71679      0.15470000
       431.65468      0.15300000
       431.59258      0.15130000
       431.53049      0.14950000
       431.46843      0.14780000
       431.40638      0.14610000
       431.34436      0.14440000
       431.28235      0.14290000
       431.22035      0.14130000
       431.15838      0.13980000
       431.09642      0.13820000
       431.03448      0.13660000
       430.97256      0.13510000
       430.91066      0.13350000
       430.84877      0.13200000
       430.78690      0.13040000
       430.72505      0.12890000
       430.66322      0.12730000
       430.60141      0.12580000
       430.53961      0.12420000
       430.47783      0.12270000
       430.41607      0.12120000
       430.35433      0.11980000
       430.29260      0.11860000
       430.23089      0.11730000
       430.16920      0.11600000
       430.10753      0.11470000
       430.04587      0.11340000
       429.98423      0.11210000
       429.92261      0.11080000
       429.86101      0.10950000
       429.79943      0.10820000
       429.73786      0.10690000
       429.67631      0.10560000
       429.61478      0.10430000
       429.55326      0.10300000
       429.49177      0.10170000
       429.43029      0.10050000
       429.36883     0.099400000
       429.30738     0.098200000
       429.24596     0.097100000
       429.18455     0.095900000
       429.12316     0.094800000
       429.06178     0.093600000
       429.00043     0.092500000
       428.93909     0.091400000
       428.87777     0.090200000
       428.81647     0.089100000
       428.75518     0.088000000
       428.69391     0.086800000
       428.63266     0.085700000
       428.57143     0.084600000
       428.51021     0.083500000
       428.44901     0.082600000
       428.38783     0.081700000
       428.32667     0.080800000
       428.26552     0.079900000
       428.20440     0.078900000
       428.14329     0.078000000
       428.08219     0.077100000
       428.02112     0.076200000
       427.96006     0.075200000
       427.89902     0.074300000
       427.83799     0.073400000
       427.77699     0.072500000
       427.71600     0.071600000
       427.65502     0.070700000
       427.59407     0.069800000
       427.53313     0.069100000
       427.47221     0.068300000
       427.41131     0.067600000
       427.35043     0.066900000
       427.28956     0.066100000
       427.22871     0.065400000
       427.16788     0.064600000
       427.10706     0.063900000
       427.04626     0.063200000
       426.98548     0.062400000
       426.92472     0.061700000
       426.86397     0.060900000
       426.80324     0.060200000
       426.74253     0.059500000
       426.68184     0.058700000
       426.62116     0.058100000
       426.56050     0.057500000
       426.49986     0.056900000
       426.43923     0.056300000
       426.37862     0.055700000
       426.31803     0.055100000
       426.25746     0.054400000
       426.19690     0.053800000
       426.13636     0.053200000
       426.07584     0.052600000
       426.01534     0.052000000
       425.95485     0.051400000
       425.89438     0.050700000
       425.83392     0.050100000
       425.77349     0.049500000
       425.71307     0.049000000
       425.65267     0.048400000
       425.59228     0.047900000
       425.53191     0.047400000
       425.47156     0.046900000
       425.41123     0.046400000
       425.35091     0.045900000
       425.29062     0.045300000
       425.23033     0.044800000
       425.17007     0.044300000
       425.10982     0.043800000
       425.04959     0.043300000
       424.98938     0.042700000
       424.92918     0.042200000
       424.86900     0.041700000
       424.80884     0.041200000
       424.74869     0.040800000
       424.68856     0.040300000
       424.62845     0.039900000
       424.56836     0.039400000
       424.50828     0.039000000
       424.44822     0.038600000
       424.38817     0.038100000
       424.32815     0.037700000
       424.26814     0.037200000
       424.20814     0.036800000
       424.14817     0.036300000
       424.08821     0.035900000
       424.02827     0.035500000
       423.96834     0.035000000
       423.90844     0.034600000
       423.84854     0.034200000
       423.78867     0.033900000
       423.72881     0.033500000
       423.66897     0.033200000
       423.60915     0.032800000
       423.54934     0.032400000
       423.48955     0.032100000
       423.42978     0.031700000
       423.37003     0.031400000
       423.31029     0.031000000
       423.25056     0.030600000
       423.19086     0.030300000
       423.13117     0.029900000
       423.07150     0.029600000
       423.01184     0.029200000
       422.95221     0.028900000
       422.89259     0.028600000
       422.83298     0.028400000
       422.77339     0.028100000
       422.71382     0.027800000
       422.65427     0.027500000
       422.59473     0.027200000
       422.53521     0.026900000
       422.47571     0.026600000
       422.41622     0.026400000
       422.35675     0.026100000
       422.29730     0.025800000
       422.23786     0.025500000
       422.17844     0.025200000
       422.11904     0.024900000
       422.05965     0.024700000
       422.00028     0.024500000
       421.94093     0.024200000
       421.88159     0.024000000
       421.82227     0.023800000
       421.76297     0.023600000
       421.70368     0.023300000
       421.64441     0.023100000
       421.58516     0.022900000
       421.52592     0.022600000
       421.46670     0.022400000
       421.40750     0.022200000
       421.34831     0.022000000
       421.28914     0.021700000
       421.22999     0.021500000
       421.17085     0.021300000
       421.11173     0.021100000
       421.05263     0.020900000
       420.99354     0.020700000
       420.93447     0.020500000
       420.87542     0.020300000
       420.81638     0.020100000
       420.75736     0.019900000
       420.69836     0.019700000
       420.63937     0.019500000
       420.58040     0.019300000
       420.52145     0.019200000
       420.46251     0.019000000
       420.40359     0.018800000
       420.34468     0.018600000
       420.28579     0.018400000
       420.22692     0.018200000
       420.16807     0.018100000
       420.10923     0.017900000
       420.05041     0.017800000
       419.99160     0.017600000
       419.93281     0.017500000
       419.87404     0.017300000
       419.81528     0.017100000
       419.75654     0.017000000
       419.69782     0.016800000
       419.63911     0.016700000
       419.58042     0.016500000
       419.52175     0.016400000
       419.46309     0.016200000
       419.40445     0.016100000
       419.34582     0.015900000
       419.28721     0.015800000
       419.22862     0.015700000
       419.17004     0.015500000
       419.11148     0.015400000
       419.05294     0.015300000
       418.99441     0.015100000
       418.93590     0.015000000
       418.87741     0.014900000
       418.81893     0.014700000
       418.76047     0.014600000
       418.70202     0.014500000
       418.64359     0.014400000
       418.58518     0.014200000
       418.52679     0.014100000
       418.46841     0.014000000
       418.41004     0.013900000
       418.35169     0.013800000
       418.29336     0.013600000
       418.23505     0.013500000
       418.17675     0.013400000
       418.11847     0.013300000
       418.06020     0.013200000
       418.00195     0.013100000
       417.94372     0.013000000
       417.88550     0.012800000
       417.82730     0.012700000
       417.76911     0.012600000
       417.71094     0.012500000
       417.65279     0.012400000
       417.59465     0.012300000
       417.53653     0.012200000
       417.47843     0.012100000
       417.42034     0.012000000
       417.36227     0.011900000
       417.30421     0.011800000
       417.24618     0.011700000
       417.18815     0.011600000
       417.13014     0.011500000
       417.07215     0.011400000
       417.01418     0.011300000
       416.95622     0.011200000
       416.89828     0.011100000
       416.84035     0.011000000
       416.78244     0.010900000
       416.72455     0.010800000
       416.66667     0.010700000
       416.60880     0.010700000
       416.55096     0.010600000
       416.49313     0.010500000
       416.43531     0.010400000
       416.37752     0.010300000
       416.31973     0.010200000
       416.26197     0.010200000
       416.20422     0.010100000
       416.14648     0.010000000
       416.08877    0.0099000000
       416.03106    0.0098000000
       415.97338    0.0098000000
       415.91571    0.0097000000
       415.85805    0.0096000000
       415.80042    0.0095000000
       415.74279    0.0095000000
       415.68519    0.0094000000
       415.62760    0.0093000000
       415.57002    0.0093000000
       415.51247    0.0092000000
       415.45492    0.0091000000
       415.39740    0.0090000000
       415.33989    0.0090000000
       415.28239    0.0089000000
       415.22491    0.0088000000
       415.16745    0.0088000000
       415.11000    0.0087000000
       415.05257    0.0086000000
       414.99516    0.0086000000
       414.93776    0.0085000000
       414.88038    0.0084000000
       414.82301    0.0084000000
       414.76566    0.0083000000
       414.70832    0.0082000000
       414.65100    0.0082000000
       414.59370    0.0081000000
       414.53641    0.0081000000
       414.47914    0.0080000000
       414.42188    0.0079000000
       414.36464    0.0079000000
       414.30742    0.0078000000
       414.25021    0.0077000000
       414.19301    0.0077000000
       414.13584    0.0076000000
       414.07867    0.0076000000
       414.02153    0.0075000000
       413.96440    0.0075000000
       413.90728    0.0074000000
       413.85019    0.0074000000
       413.79310    0.0073000000
       413.73604    0.0073000000
       413.67899    0.0072000000
       413.62195    0.0072000000
       413.56493    0.0071000000
       413.50793    0.0071000000
       413.45094    0.0070000000
       413.39396    0.0070000000
       413.33701    0.0069000000
       413.28007    0.0069000000
       413.22314    0.0068000000
       413.16623    0.0068000000
       413.10934    0.0067000000
       413.05246    0.0067000000
       412.99559    0.0066000000
       412.93875    0.0066000000
       412.88192    0.0065000000
       412.82510    0.0065000000
       412.76830    0.0065000000
       412.71151    0.0064000000
       412.65475    0.0064000000
       412.59799    0.0063000000
       412.54125    0.0063000000
       412.48453    0.0062000000
       412.42783    0.0062000000
       412.37113    0.0062000000
       412.31446    0.0061000000
       412.25780    0.0061000000
       412.20115    0.0060000000
       412.14453    0.0060000000
       412.08791    0.0060000000
       412.03131    0.0059000000
       411.97473    0.0059000000
       411.91817    0.0058000000
       411.86161    0.0058000000
       411.80508    0.0057000000
       411.74856    0.0057000000
       411.69205    0.0057000000
       411.63557    0.0056000000
       411.57909    0.0056000000
       411.52263    0.0055000000
       411.46619    0.0055000000
       411.40976    0.0055000000
       411.35335    0.0054000000
       411.29696    0.0054000000
       411.24058    0.0054000000
       411.18421    0.0053000000
       411.12786    0.0053000000
       411.07153    0.0053000000
       411.01521    0.0052000000
       410.95890    0.0052000000
       410.90262    0.0052000000
       410.84634    0.0051000000
       410.79009    0.0051000000
       410.73384    0.0050000000
       410.67762    0.0050000000
       410.62141    0.0050000000
       410.56521    0.0049000000
       410.50903    0.0049000000
       410.45287    0.0049000000
       410.39672    0.0048000000
       410.34058    0.0048000000
       410.28446    0.0048000000
       410.22836    0.0047000000
       410.17227    0.0047000000
       410.11620    0.0046000000
       410.06014    0.0046000000
       410.00410    0.0046000000
       409.94807    0.0045000000
       409.89206    0.0045000000
       409.83607    0.0045000000
       409.78008    0.0044000000
       409.72412    0.0044000000
       409.66817    0.0043000000
       409.61223    0.0043000000
       409.55631    0.0043000000
       409.50041    0.0042000000
       409.44452    0.0042000000
       409.38865    0.0042000000
       409.33279    0.0041000000
       409.27694    0.0041000000
       409.22112    0.0040000000
       409.16530    0.0040000000
       409.10950    0.0040000000
       409.05372    0.0039000000
       408.99796    0.0039000000
       408.94220    0.0039000000
       408.88647    0.0038000000
       408.83074    0.0038000000
       408.77504    0.0038000000
       408.71935    0.0037000000
       408.66367    0.0037000000
       408.60801    0.0037000000
       408.55236    0.0036000000
       408.49673    0.0036000000
       408.44112    0.0036000000
       408.38552    0.0035000000
       408.32993    0.0035000000
       408.27436    0.0035000000
       408.21881    0.0034000000
       408.16327    0.0034000000
       408.10774    0.0034000000
       408.05223    0.0034000000
       407.99674    0.0033000000
       407.94126    0.0033000000
       407.88579    0.0033000000
       407.83034    0.0033000000
       407.77491    0.0032000000
       407.71949    0.0032000000
       407.66408    0.0032000000
       407.60870    0.0032000000
       407.55332    0.0031000000
       407.49796    0.0031000000
       407.44262    0.0031000000
       407.38729    0.0031000000
       407.33198    0.0030000000
       407.27668    0.0030000000
       407.22139    0.0030000000
       407.16612    0.0030000000
       407.11087    0.0030000000
       407.05563    0.0029000000
       407.00041    0.0029000000
       406.94520    0.0029000000
       406.89000    0.0029000000
       406.83483    0.0028000000
       406.77966    0.0028000000
       406.72451    0.0028000000
       406.66938    0.0028000000
       406.61426    0.0028000000
       406.55915    0.0027000000
       406.50407    0.0027000000
       406.44899    0.0027000000
       406.39393    0.0027000000
       406.33889    0.0027000000
       406.28386    0.0026000000
       406.22884    0.0026000000
       406.17384    0.0026000000
       406.11886    0.0026000000
       406.06389    0.0026000000
       406.00893    0.0026000000
       405.95399    0.0025000000
       405.89907    0.0025000000
       405.84416    0.0025000000
       405.78926    0.0025000000
       405.73438    0.0025000000
       405.67951    0.0025000000
       405.62466    0.0024000000
       405.56983    0.0024000000
       405.51500    0.0024000000
       405.46020    0.0024000000
       405.40541    0.0024000000
       405.35063    0.0024000000
       405.29587    0.0024000000
       405.24112    0.0023000000
       405.18639    0.0023000000
       405.13167    0.0023000000
       405.07696    0.0023000000
       405.02228    0.0023000000
       404.96760    0.0023000000
       404.91294    0.0022000000
       404.85830    0.0022000000
       404.80367    0.0022000000
       404.74906    0.0022000000
       404.69446    0.0022000000
       404.63987    0.0022000000
       404.58530    0.0021000000
       404.53074    0.0021000000
       404.47620    0.0021000000
       404.42168    0.0021000000
       404.36717    0.0021000000
       404.31267    0.0021000000
       404.25819    0.0020000000
       404.20372    0.0020000000
       404.14927    0.0020000000
       404.09483    0.0020000000
       404.04040    0.0020000000
       403.98600    0.0020000000
       403.93160    0.0019000000
       403.87722    0.0019000000
       403.82286    0.0019000000
       403.76851    0.0019000000
       403.71417    0.0019000000
       403.65985    0.0018000000
       403.60554    0.0018000000
       403.55125    0.0018000000
       403.49697    0.0018000000
       403.44271    0.0018000000
       403.38846    0.0018000000
       403.33423    0.0017000000
       403.28001    0.0017000000
       403.22581    0.0017000000
       403.17162    0.0017000000
       403.11744    0.0017000000
       403.06328    0.0017000000
       403.00913    0.0016000000
       402.95500    0.0016000000
       402.90089    0.0016000000
       402.84678    0.0016000000
       402.79270    0.0016000000
       402.73862    0.0016000000
       402.68456    0.0016000000
       402.63052    0.0016000000
       402.57649    0.0015000000
       402.52247    0.0015000000
       402.46847    0.0015000000
       402.41449    0.0015000000
       402.36052    0.0015000000
       402.30656    0.0015000000
       402.25261    0.0015000000
       402.19869    0.0015000000
       402.14477    0.0015000000
       402.09087    0.0015000000
       402.03699    0.0014000000
       401.98312    0.0014000000
       401.92926    0.0014000000
       401.87542    0.0014000000
       401.82159    0.0014000000
       401.76778    0.0014000000
       401.71398    0.0014000000
       401.66020    0.0014000000
       401.60643    0.0014000000
       401.55267    0.0014000000
       401.49893    0.0014000000
       401.44520    0.0014000000
       401.39149    0.0014000000
       401.33779    0.0013000000
       401.28411    0.0013000000
       401.23044    0.0013000000
       401.17679    0.0013000000
       401.12314    0.0013000000
       401.06952    0.0013000000
       401.01591    0.0013000000
       400.96231    0.0013000000
       400.90873    0.0013000000
       400.85516    0.0013000000
       400.80160    0.0013000000
       400.74806    0.0013000000
       400.69454    0.0013000000
       400.64103    0.0013000000
       400.58753    0.0013000000
       400.53405    0.0013000000
       400.48058    0.0013000000
       400.42712    0.0013000000
       400.37368    0.0013000000
       400.32026    0.0013000000
       400.26684    0.0013000000
       400.21345    0.0012000000
       400.16006    0.0012000000
       400.10670    0.0012000000
       400.05334    0.0012000000
       400.00000    0.0012000000
       399.94667    0.0012000000
       399.89336    0.0012000000
       399.84006    0.0012000000
       399.78678    0.0012000000
       399.73351    0.0012000000
       399.68026    0.0012000000
       399.62701    0.0012000000
       399.57379    0.0012000000
       399.52058    0.0012000000
       399.46738    0.0012000000
       399.41419    0.0012000000
       399.36102    0.0012000000
       399.30787    0.0012000000
       399.25472    0.0012000000
       399.20160    0.0012000000
       399.14848    0.0012000000
       399.09538    0.0012000000
       399.04230    0.0012000000
       398.98923    0.0012000000
       398.93617    0.0012000000
       398.88313    0.0012000000
       398.83010    0.0012000000
       398.77708    0.0011000000
       398.72408    0.0011000000
       398.67110    0.0011000000
       398.61812    0.0011000000
       398.56517    0.0011000000
       398.51222    0.0011000000
       398.45929    0.0011000000
       398.40637    0.0011000000
       398.35347    0.0011000000
       398.30058    0.0011000000
       398.24771    0.0011000000
       398.19485    0.0011000000
       398.14200    0.0011000000
       398.08917    0.0011000000
       398.03635    0.0011000000
       397.98355    0.0010000000
       397.93076    0.0010000000
       397.87798    0.0010000000
       397.82522    0.0010000000
       397.77247    0.0010000000
       397.71974    0.0010000000
       397.66702    0.0010000000
       397.61431    0.0010000000
       397.56162    0.0010000000
       397.50894    0.0010000000
       397.45628    0.0010000000
       397.40363    0.0010000000
       397.35099    0.0010000000
       397.29837    0.0010000000
       397.24576    0.0010000000
       397.19317    0.0010000000
       397.14059   0.00090000000
       397.08802   0.00090000000
       397.03547   0.00090000000
       396.98293   0.00090000000
       396.93040   0.00090000000
       396.87789   0.00090000000
       396.82540   0.00090000000
       396.77291   0.00090000000
       396.72044   0.00090000000
       396.66799   0.00090000000
       396.61555   0.00090000000
       396.56312   0.00090000000
       396.51071   0.00090000000
       396.45831   0.00090000000
       396.40592   0.00090000000
       396.35355   0.00090000000
       396.30119   0.00080000000
       396.24884   0.00080000000
       396.19651   0.00080000000
       396.14420   0.00080000000
       396.09189   0.00080000000
       396.03960   0.00080000000
       395.98733   0.00080000000
       395.93507   0.00080000000
       395.88282   0.00080000000
       395.83058   0.00080000000
       395.77836   0.00080000000
       395.72616   0.00080000000
       395.67396   0.00080000000
       395.62179   0.00080000000
       395.56962   0.00080000000
       395.51747   0.00080000000
       395.46533   0.00080000000
       395.41321   0.00080000000
       395.36110   0.00080000000
       395.30900   0.00080000000
       395.25692   0.00070000000
       395.20485   0.00070000000
       395.15279   0.00070000000
       395.10075   0.00070000000
       395.04872   0.00070000000
       394.99671   0.00070000000
       394.94471   0.00070000000
       394.89272   0.00070000000
       394.84075   0.00070000000
       394.78879   0.00070000000
       394.73684   0.00070000000
       394.68491   0.00070000000
       394.63299   0.00070000000
       394.58109   0.00070000000
       394.52920   0.00070000000
       394.47732   0.00070000000
       394.42545   0.00070000000
       394.37360   0.00070000000
       394.32177   0.00070000000
       394.26994   0.00070000000
       394.21813   0.00070000000
       394.16634   0.00070000000
       394.11456   0.00070000000
       394.06279   0.00070000000
       394.01103   0.00070000000
       393.95929   0.00070000000
       393.90756   0.00070000000
       393.85585   0.00060000000
       393.80415   0.00060000000
       393.75246   0.00060000000
       393.70079   0.00060000000
       393.64913   0.00060000000
       393.59748   0.00060000000
       393.54585   0.00060000000
       393.49423   0.00060000000
       393.44262   0.00060000000
       393.39103   0.00060000000
       393.33945   0.00060000000
       393.28789   0.00060000000
       393.23634   0.00060000000
       393.18480   0.00060000000
       393.13327   0.00060000000
       393.08176   0.00060000000
       393.03026   0.00060000000
       392.97878   0.00060000000
       392.92731   0.00060000000
       392.87585   0.00060000000
       392.82441   0.00060000000
       392.77298   0.00060000000
       392.72156   0.00060000000
       392.67016   0.00060000000
       392.61877   0.00060000000
       392.56739   0.00060000000
       392.51603   0.00060000000
       392.46468   0.00060000000
       392.41334   0.00060000000
       392.36202   0.00060000000
       392.31071   0.00060000000
       392.25941   0.00060000000
       392.20813   0.00060000000
       392.15686   0.00060000000
       392.10561   0.00060000000
       392.05436   0.00060000000
       392.00314   0.00060000000
       391.95192   0.00060000000
       391.90072   0.00060000000
       391.84953   0.00060000000
       391.79835   0.00050000000
       391.74719   0.00050000000
       391.69604   0.00050000000
       391.64491   0.00050000000
       391.59379   0.00050000000
       391.54268   0.00050000000
       391.49158   0.00050000000
       391.44050   0.00050000000
       391.38943   0.00050000000
       391.33838   0.00050000000
       391.28734   0.00050000000
       391.23631   0.00050000000
       391.18529   0.00050000000
       391.13429   0.00050000000
       391.08330   0.00050000000
       391.03233   0.00050000000
       390.98136   0.00050000000
       390.93041   0.00050000000
       390.87948   0.00050000000
       390.82856   0.00050000000
       390.77765   0.00050000000
       390.72675   0.00050000000
       390.67587   0.00050000000
       390.62500   0.00050000000
       390.57414   0.00050000000
       390.52330   0.00050000000
       390.47247   0.00050000000
       390.42166   0.00050000000
       390.37085   0.00050000000
       390.32006   0.00050000000
       390.26929   0.00050000000
       390.21852   0.00050000000
       390.16777   0.00050000000
       390.11704   0.00050000000
       390.06631   0.00040000000
       390.01560   0.00040000000
       389.96490   0.00040000000
       389.91422   0.00040000000
       389.86355   0.00040000000
       389.81289   0.00040000000
       389.76225   0.00040000000
       389.71161   0.00040000000
       389.66099   0.00040000000
       389.61039   0.00040000000
       389.55980   0.00040000000
       389.50922   0.00040000000
       389.45865   0.00040000000
       389.40810   0.00040000000
       389.35756   0.00040000000
       389.30703   0.00040000000
       389.25652   0.00040000000
       389.20602   0.00040000000
       389.15553   0.00040000000
       389.10506   0.00040000000
       389.05460   0.00040000000
       389.00415   0.00040000000
       388.95371   0.00040000000
       388.90329   0.00040000000
       388.85288   0.00040000000
       388.80249   0.00040000000
       388.75211   0.00040000000
       388.70174   0.00040000000
       388.65138   0.00040000000
       388.60104   0.00040000000
       388.55071   0.00040000000
       388.50039   0.00040000000
       388.45008   0.00040000000
       388.39979   0.00040000000
       388.34951   0.00040000000
       388.29925   0.00040000000
       388.24900   0.00040000000
       388.19876   0.00040000000
       388.14853   0.00040000000
       388.09832   0.00040000000
       388.04812   0.00040000000
       387.99793   0.00040000000
       387.94776   0.00040000000
       387.89760   0.00040000000
       387.84745   0.00040000000
       387.79731   0.00040000000
       387.74719   0.00040000000
       387.69708   0.00040000000
       387.64698   0.00040000000
       387.59690   0.00040000000
       387.54683   0.00040000000
       387.49677   0.00040000000
       387.44673   0.00040000000
       387.39669   0.00040000000
       387.34668   0.00040000000
       387.29667   0.00040000000
       387.24668   0.00040000000
       387.19670   0.00040000000
       387.14673   0.00040000000
       387.09677   0.00040000000
       387.04683   0.00040000000
       386.99690   0.00040000000
       386.94699   0.00040000000
       386.89709   0.00040000000
       386.84720   0.00040000000
       386.79732   0.00040000000
       386.74745   0.00040000000
       386.69760   0.00040000000
       386.64776   0.00040000000
       386.59794   0.00040000000
       386.54813   0.00040000000
       386.49833   0.00040000000
       386.44854   0.00040000000
       386.39876   0.00030000000
       386.34900   0.00030000000
       386.29925   0.00030000000
       386.24952   0.00030000000
       386.19979   0.00030000000
       386.15008   0.00030000000
       386.10039   0.00030000000
       386.05070   0.00030000000
       386.00103   0.00030000000
       385.95137   0.00030000000
       385.90172   0.00030000000
       385.85209   0.00030000000
       385.80247   0.00030000000
       385.75286   0.00030000000
       385.70327   0.00030000000
       385.65368   0.00030000000
       385.60411   0.00030000000
       385.55456   0.00030000000
       385.50501   0.00030000000
       385.45548   0.00030000000
       385.40596   0.00030000000
       385.35645   0.00030000000
       385.30696   0.00030000000
       385.25748   0.00030000000
       385.20801   0.00030000000
       385.15856   0.00030000000
       385.10911   0.00030000000
       385.05968   0.00030000000
       385.01027   0.00030000000
       384.96086   0.00030000000
       384.91147   0.00030000000
       384.86209   0.00030000000
       384.81272   0.00030000000
       384.76337   0.00030000000
       384.71403   0.00030000000
       384.66470   0.00030000000
       384.61538   0.00030000000
       384.56608   0.00030000000
       384.51679   0.00030000000
       384.46751   0.00030000000
       384.41825   0.00030000000
       384.36899   0.00030000000
       384.31975   0.00030000000
       384.27053   0.00030000000
       384.22131   0.00030000000
       384.17211   0.00030000000
       384.12292   0.00030000000
       384.07374   0.00030000000
       384.02458   0.00030000000
       383.97543   0.00030000000
       383.92629   0.00030000000
       383.87716   0.00030000000
       383.82805   0.00030000000
       383.77894   0.00030000000
       383.72985   0.00030000000
       383.68078   0.00030000000
       383.63171   0.00030000000
       383.58266   0.00030000000
       383.53362   0.00030000000
       383.48460   0.00030000000
       383.43558   0.00030000000
       383.38658   0.00030000000
       383.33759   0.00030000000
       383.28862   0.00030000000
       383.23965   0.00030000000
       383.19070   0.00030000000
       383.14176   0.00030000000
       383.09284   0.00030000000
       383.04392   0.00030000000
       382.99502   0.00030000000
       382.94613   0.00030000000
       382.89726   0.00030000000
       382.84839   0.00030000000
       382.79954   0.00030000000
       382.75070   0.00020000000
       382.70188   0.00020000000
       382.65306   0.00020000000
       382.60426   0.00020000000
       382.55547   0.00020000000
       382.50669   0.00020000000
       382.45793   0.00020000000
       382.40918   0.00020000000
       382.36044   0.00020000000
       382.31171   0.00020000000
       382.26300   0.00020000000
       382.21429   0.00020000000
       382.16561   0.00020000000
       382.11693   0.00020000000
       382.06826   0.00020000000
       382.01961   0.00020000000
       381.97097   0.00020000000
       381.92234   0.00020000000
       381.87373   0.00020000000
       381.82512   0.00020000000
       381.77653   0.00020000000
       381.72796   0.00020000000
       381.67939   0.00020000000
       381.63084   0.00020000000
       381.58229   0.00020000000
       381.53377   0.00020000000
       381.48525   0.00020000000
       381.43675   0.00020000000
       381.38825   0.00020000000
       381.33977   0.00020000000
       381.29131   0.00020000000
       381.24285   0.00020000000
       381.19441   0.00020000000
       381.14598   0.00020000000
       381.09756   0.00020000000
       381.04916   0.00020000000
       381.00076   0.00020000000
       380.95238   0.00020000000
       380.90401   0.00020000000
       380.85566   0.00020000000
       380.80731   0.00020000000
       380.75898   0.00020000000
       380.71066   0.00020000000
       380.66235   0.00020000000
       380.61406   0.00020000000
       380.56577   0.00020000000
       380.51750   0.00020000000
       380.46925   0.00020000000
       380.42100   0.00020000000
       380.37277   0.00020000000
       380.32454   0.00020000000
       380.27633   0.00020000000
       380.22814   0.00020000000
       380.17995   0.00020000000
       380.13178   0.00020000000
       380.08362   0.00020000000
       380.03547   0.00020000000
       379.98733   0.00020000000
       379.93921   0.00020000000
       379.89110   0.00020000000
       379.84300   0.00020000000
       379.79491   0.00020000000
       379.74684   0.00020000000
       379.69877   0.00020000000
       379.65072   0.00020000000
       379.60268   0.00020000000
       379.55466   0.00020000000
       379.50664   0.00020000000
       379.45864   0.00020000000
       379.41065   0.00020000000
       379.36267   0.00020000000
       379.31470   0.00020000000
       379.26675   0.00020000000
       379.21881   0.00020000000
       379.17088   0.00020000000
       379.12296   0.00020000000
       379.07506   0.00020000000
       379.02716   0.00020000000
       378.97928   0.00020000000
       378.93141   0.00020000000
       378.88356   0.00020000000
       378.83571   0.00020000000
       378.78788   0.00020000000
       378.74006   0.00020000000
       378.69225   0.00020000000
       378.64445   0.00020000000
       378.59667   0.00020000000
       378.54890   0.00010000000
       378.50114   0.00010000000
       378.45339   0.00010000000
       378.40565   0.00010000000
       378.35793   0.00010000000
       378.31021   0.00010000000
       378.26251   0.00010000000
       378.21483   0.00010000000
       378.16715   0.00010000000
       378.11949   0.00010000000
       378.07183   0.00010000000
       378.02419   0.00010000000
       377.97657   0.00010000000
       377.92895   0.00010000000
       377.88135   0.00010000000
       377.83375   0.00010000000
       377.78617   0.00010000000
       377.73860   0.00010000000
       377.69105   0.00010000000
       377.64350   0.00010000000
       377.59597   0.00010000000
       377.54845   0.00010000000
       377.50094   0.00010000000
       377.45345   0.00010000000
       377.40596   0.00010000000
       377.35849   0.00010000000
       377.31103   0.00010000000
       377.26358   0.00010000000
       377.21614   0.00010000000
       377.16872   0.00010000000
       377.12131   0.00010000000
       377.07391   0.00010000000
       377.02652   0.00010000000
       376.97914   0.00010000000
       376.93178   0.00010000000
       376.88442   0.00010000000
       376.83708   0.00010000000
       376.78975   0.00010000000
       376.74243   0.00010000000
       376.69513   0.00010000000
       376.64783   0.00010000000
       376.60055   0.00010000000
       376.55328   0.00010000000
       376.50602   0.00010000000
       376.45878   0.00010000000
       376.41154   0.00010000000
       376.36432   0.00010000000
       376.31711   0.00010000000
       376.26991   0.00010000000
       376.22272   0.00010000000
       376.17555   0.00010000000
       376.12839   0.00010000000
       376.08123   0.00010000000
       376.03409   0.00010000000
       375.98697   0.00010000000
       375.93985   0.00010000000
       375.89275   0.00010000000
       375.84565   0.00010000000
       375.79857   0.00010000000
       375.75150   0.00010000000
       375.70445   0.00010000000
       375.65740   0.00010000000
       375.61037   0.00010000000
       375.56335   0.00010000000
       375.51633   0.00010000000
       375.46934   0.00010000000
       375.42235   0.00010000000
       375.37538   0.00010000000
       375.32841   0.00010000000
       375.28146   0.00010000000
       375.23452   0.00010000000
       375.18759   0.00010000000
       375.14068   0.00010000000
       375.09377   0.00010000000
       375.04688   0.00010000000
       375.00000   0.00010000000
