      600.000      0.00000
      601.000      0.00000
      602.000      0.00000
      603.000      0.00000
      604.000      0.00000
      605.000      0.00000
      606.000      0.00000
      607.000      0.00000
      608.000      0.00000
      609.000      0.00000
      610.000      0.00000
      611.000      0.00000
      612.000      0.00000
      613.000      0.00000
      614.000      0.00000
      615.000      0.00000
      616.000      0.00000
      617.000      0.00000
      618.000      0.00000
      619.000      0.00000
      620.000      0.00000
      621.000      0.00000
      622.000      0.00000
      623.000      0.00000
      624.000      0.00000
      625.000      0.00000
      626.000      0.00000
      627.000      0.00000
      628.000      0.00000
      629.000      0.00000
      630.000      0.00000
      631.000      0.00000
      632.000      0.00000
      633.000      0.00000
      634.000      0.00000
      635.000      0.00000
      636.000      0.00000
      637.000      0.00000
      638.000      0.00000
      639.000      0.00000
      640.000      0.00000
      641.000      0.00000
      642.000      0.00000
      643.000      0.00000
      644.000      0.00000
      645.000      0.00000
      646.000      0.00000
      647.000      0.00000
      648.000      0.00000
      649.000      0.00000
      650.000      0.00000
      651.000      0.00000
      652.000      0.00000
      653.000      0.00000
      654.000      0.00000
      655.000      0.00000
      656.000      0.00000
      657.000      0.00000
      658.000      0.00000
      659.000      0.00000
      660.000      0.00000
      661.000      0.00000
      662.000      0.00000
      663.000      0.00000
      664.000      0.00000
      665.000      0.00000
      666.000      0.00000
      667.000      0.00000
      668.000      0.00000
      669.000      0.00000
      670.000      0.00000
      671.000      0.00000
      672.000      0.00000
      673.000      0.00000
      674.000      0.00000
      675.000      0.00000
      676.000      0.00000
      677.000      0.00000
      678.000      0.00000
      679.000      0.00000
      680.000      0.00000
      681.000      0.00000
      682.000      0.00000
      683.000      0.00000
      684.000      0.00000
      685.000      0.00000
      686.000      0.00000
      687.000      0.00000
      688.000      0.00000
      689.000      0.00000
      690.000      0.00000
      691.000      0.00000
      692.000      0.00000
      693.000      0.00000
      694.000      0.00000
      695.000      0.00000
      696.000      0.00000
      697.000      0.00000
      698.000      0.00000
      699.000      0.00000
      700.000      0.00000
      701.000      0.00000
      702.000      0.00000
      703.000      0.00000
      704.000      0.00000
      705.000      0.00000
      706.000      0.00000
      707.000      0.00000
      708.000      0.00000
      709.000      0.00000
      710.000      0.00000
      711.000      0.00000
      712.000      0.00000
      713.000      0.00000
      714.000      0.00000
      715.000      0.00000
      716.000      0.00000
      717.000      0.00000
      718.000      0.00000
      719.000      0.00000
      720.000      0.00000
      721.000      0.00000
      722.000      0.00000
      723.000      0.00000
      724.000      0.00000
      725.000      0.00000
      726.000      0.00000
      727.000      0.00000
      728.000      0.00000
      729.000      0.00000
      730.000      0.00000
      731.000      0.00000
      732.000      0.00000
      733.000      0.00000
      734.000      0.00000
      735.000      0.00000
      736.000      0.00000
      737.000      0.00000
      738.000      0.00000
      739.000      0.00000
      740.000      0.00000
      741.000      0.00000
      742.000      0.00000
      743.000      0.00000
      744.000      0.00000
      745.000      0.00000
      746.000      0.00000
      747.000      0.00000
      748.000      0.00000
      749.000      0.00000
      750.000      0.00000
      751.000      0.00000
      752.000      0.00000
      753.000      0.00000
      754.000      0.00000
      755.000      0.00000
      756.000      0.00000
      757.000      0.00000
      758.000      0.00000
      759.000      0.00000
      760.000      0.00000
      761.000      0.00000
      762.000      0.00000
      763.000      0.00000
      764.000      0.00000
      765.000      0.00000
      766.000      0.00000
      767.000      0.00000
      768.000      0.00000
      769.000      0.00000
      770.000      0.00000
      771.000      0.00000
      772.000      0.00000
      773.000      0.00000
      774.000      0.00000
      775.000      0.00000
      776.000      0.00000
      777.000      0.00000
      778.000      0.00000
      779.000      0.00000
      780.000      0.00000
      781.000      0.00000
      782.000      0.00000
      783.000      0.00000
      784.000      0.00000
      785.000      0.00000
      786.000      0.00000
      787.000      0.00000
      788.000      0.00000
      789.000      0.00000
      790.000      0.00000
      791.000      0.00000
      792.000      0.00000
      793.000      0.00000
      794.000      0.00000
      795.000      0.00000
      796.000      0.00000
      797.000      0.00000
      798.000      0.00000
      799.000      0.00000
      800.000      0.00000
      801.000      0.00000
      802.000      0.00000
      803.000      0.00000
      804.000      0.00000
      805.000      0.00000
      806.000      0.00000
      807.000      0.00000
      808.000      0.00000
      809.000      0.00000
      810.000      0.00000
      811.000      0.00000
      812.000      0.00000
      813.000      0.00000
      814.000      0.00000
      815.000      0.00000
      816.000      0.00000
      817.000      0.00000
      818.000      0.00000
      819.000      0.00000
      820.000      0.00000
      821.000      0.00000
      822.000      0.00000
      823.000      0.00000
      824.000      0.00000
      825.000      0.00000
      826.000      0.00000
      827.000      1.00000
      828.000      1.00000
      829.000      1.00000
      830.000      1.00000
      831.000      1.00000
      832.000      1.00000
      833.000      1.00000
      834.000      1.00000
      835.000      1.00000
      836.000      1.00000
      837.000      1.00000
      838.000      1.00000
      839.000      1.00000
      840.000      1.00000
      841.000      1.00000
      842.000      1.00000
      843.000      1.00000
      844.000      1.00000
      845.000      1.00000
      846.000      1.00000
      847.000      1.00000
      848.000      1.00000
      849.000      1.00000
      850.000      1.00000
      851.000      1.00000
      852.000      1.00000
      853.000      1.00000
      854.000      1.00000
      855.000      1.00000
      856.000      1.00000
      857.000      1.00000
      858.000      1.00000
      859.000      1.00000
      860.000      1.00000
      861.000      1.00000
      862.000      1.00000
      863.000      1.00000
      864.000      1.00000
      865.000      1.00000
      866.000      1.00000
      867.000      1.00000
      868.000      1.00000
      869.000      1.00000
      870.000      1.00000
      871.000      1.00000
      872.000      1.00000
      873.000      1.00000
      874.000      1.00000
      875.000      1.00000
      876.000      1.00000
      877.000      1.00000
      878.000      1.00000
      879.000      1.00000
      880.000      1.00000
      881.000      1.00000
      882.000      1.00000
      883.000      1.00000
      884.000      1.00000
      885.000      1.00000
      886.000      1.00000
      887.000      1.00000
      888.000      1.00000
      889.000      1.00000
      890.000      1.00000
      891.000      1.00000
      892.000      1.00000
      893.000      1.00000
      894.000      1.00000
      895.000      1.00000
      896.000      1.00000
      897.000      1.00000
      898.000      1.00000
      899.000      1.00000
      900.000      1.00000
      901.000      1.00000
      902.000      1.00000
      903.000      1.00000
      904.000      1.00000
      905.000      1.00000
      906.000      1.00000
      907.000      1.00000
      908.000      1.00000
      909.000      1.00000
      910.000      1.00000
      911.000      1.00000
      912.000      1.00000
      913.000      1.00000
      914.000      1.00000
      915.000      1.00000
      916.000      0.00000
      917.000      0.00000
      918.000      0.00000
      919.000      0.00000
      920.000      0.00000
      921.000      0.00000
      922.000      0.00000
      923.000      0.00000
      924.000      0.00000
      925.000      0.00000
      926.000      0.00000
      927.000      0.00000
      928.000      0.00000
      929.000      0.00000
      930.000      0.00000
      931.000      0.00000
      932.000      0.00000
      933.000      0.00000
      934.000      0.00000
      935.000      0.00000
      936.000      0.00000
      937.000      0.00000
      938.000      0.00000
      939.000      0.00000
      940.000      0.00000
      941.000      0.00000
      942.000      0.00000
      943.000      0.00000
      944.000      0.00000
      945.000      0.00000
      946.000      0.00000
      947.000      0.00000
      948.000      0.00000
      949.000      0.00000
      950.000      0.00000
      951.000      0.00000
      952.000      0.00000
      953.000      0.00000
      954.000      0.00000
      955.000      0.00000
      956.000      0.00000
      957.000      0.00000
      958.000      0.00000
      959.000      0.00000
      960.000      0.00000
      961.000      0.00000
      962.000      0.00000
      963.000      0.00000
      964.000      0.00000
      965.000      0.00000
      966.000      0.00000
      967.000      0.00000
      968.000      0.00000
      969.000      0.00000
      970.000      0.00000
      971.000      0.00000
      972.000      0.00000
      973.000      0.00000
      974.000      0.00000
      975.000      0.00000
      976.000      0.00000
      977.000      0.00000
      978.000      0.00000
      979.000      0.00000
      980.000      0.00000
      981.000      0.00000
      982.000      0.00000
      983.000      0.00000
      984.000      0.00000
      985.000      0.00000
      986.000      0.00000
      987.000      0.00000
      988.000      0.00000
      989.000      0.00000
      990.000      0.00000
      991.000      0.00000
      992.000      0.00000
      993.000      0.00000
      994.000      0.00000
      995.000      0.00000
      996.000      0.00000
      997.000      0.00000
      998.000      0.00000
      999.000      0.00000
      1000.00      0.00000
      1001.00      0.00000
      1002.00      0.00000
      1003.00      0.00000
      1004.00      0.00000
      1005.00      0.00000
      1006.00      0.00000
      1007.00      0.00000
      1008.00      0.00000
      1009.00      0.00000
      1010.00      0.00000
      1011.00      0.00000
      1012.00      0.00000
      1013.00      0.00000
      1014.00      0.00000
      1015.00      0.00000
      1016.00      0.00000
      1017.00      0.00000
      1018.00      0.00000
      1019.00      0.00000
      1020.00      0.00000
      1021.00      0.00000
      1022.00      0.00000
      1023.00      0.00000
      1024.00      0.00000
      1025.00      0.00000
      1026.00      0.00000
      1027.00      0.00000
      1028.00      0.00000
      1029.00      0.00000
      1030.00      0.00000
      1031.00      0.00000
      1032.00      0.00000
      1033.00      0.00000
      1034.00      0.00000
      1035.00      0.00000
      1036.00      0.00000
      1037.00      0.00000
      1038.00      0.00000
      1039.00      0.00000
      1040.00      0.00000
      1041.00      0.00000
      1042.00      0.00000
      1043.00      0.00000
      1044.00      0.00000
      1045.00      0.00000
      1046.00      0.00000
      1047.00      0.00000
      1048.00      0.00000
      1049.00      0.00000
      1050.00      0.00000
      1051.00      0.00000
      1052.00      0.00000
      1053.00      0.00000
      1054.00      0.00000
      1055.00      0.00000
      1056.00      0.00000
      1057.00      0.00000
      1058.00      0.00000
      1059.00      0.00000
      1060.00      0.00000
      1061.00      0.00000
      1062.00      0.00000
      1063.00      0.00000
      1064.00      0.00000
      1065.00      0.00000
      1066.00      0.00000
      1067.00      0.00000
      1068.00      0.00000
      1069.00      0.00000
      1070.00      0.00000
      1071.00      0.00000
      1072.00      0.00000
      1073.00      0.00000
      1074.00      0.00000
      1075.00      0.00000
      1076.00      0.00000
      1077.00      0.00000
      1078.00      0.00000
      1079.00      0.00000
      1080.00      0.00000
      1081.00      0.00000
      1082.00      0.00000
      1083.00      0.00000
      1084.00      0.00000
      1085.00      0.00000
      1086.00      0.00000
      1087.00      0.00000
      1088.00      0.00000
      1089.00      0.00000
      1090.00      0.00000
      1091.00      0.00000
      1092.00      0.00000
      1093.00      0.00000
      1094.00      0.00000
      1095.00      0.00000
      1096.00      0.00000
      1097.00      0.00000
      1098.00      0.00000
      1099.00      0.00000
