  100.000000    0.000125
  100.531769    0.000139
  101.063545    0.000153
  101.595314    0.000171
  102.127090    0.000177
  102.658859    0.000178
  103.190636    0.000174
  103.722404    0.000171
  104.254181    0.000205
  104.785950    0.000243
  105.317726    0.000247
  105.849495    0.000231
  106.381271    0.000231
  106.913040    0.000245
  107.444817    0.000263
  107.976585    0.000269
  108.508362    0.000238
  109.040131    0.000208
  109.571907    0.000182
  110.103676    0.000164
  110.635452    0.000151
  111.167221    0.000137
  111.698997    0.000121
  112.230766    0.000103
  112.762543    0.000080
  113.294312    0.000049
  113.826088    0.000023
  114.357857    0.000006
  114.889633    0.000000
  115.421402    0.000000
  115.953178    0.000003
  116.484947    0.000020
  117.016724    0.000053
  117.548492    0.000078
  118.080269    0.000091
  118.612038    0.000090
  119.143814    0.000078
  119.675583    0.000063
  120.207359    0.000056
  120.739128    0.000061
  121.270905    0.000080
  121.802673    0.000102
  122.334450    0.000116
  122.866219    0.000119
  123.397995    0.000109
  123.929764    0.000101
  124.461540    0.000103
  124.993309    0.000118
  125.525085    0.000148
  126.056854    0.000172
  126.588631    0.000185
  127.120399    0.000181
  127.652176    0.000172
  128.183945    0.000165
  128.715714    0.000159
  129.247498    0.000155
  129.779266    0.000148
  130.311035    0.000138
  130.842804    0.000113
  131.374588    0.000085
  131.906357    0.000056
  132.438126    0.000041
  132.969894    0.000035
  133.501678    0.000048
  134.033447    0.000056
  134.565216    0.000059
  135.096985    0.000040
  135.628769    0.000018
  136.160538    0.000007
  136.692307    0.000000
  137.224075    0.000000
  137.755859    0.000006
  138.287628    0.000014
  138.819397    0.000044
  139.351166    0.000070
  139.882950    0.000086
  140.414719    0.000103
  140.946487    0.000122
  141.478256    0.000157
  142.010040    0.000197
  142.541809    0.000246
  143.073578    0.000297
  143.605347    0.000336
  144.137131    0.000369
  144.668900    0.000385
  145.200668    0.000402
  145.732437    0.000417
  146.264221    0.000434
  146.795990    0.000457
  147.327759    0.000478
  147.859528    0.000496
  148.391312    0.000502
  148.923080    0.000488
  149.454849    0.000462
  149.986618    0.000430
  150.518402    0.000420
  151.050171    0.000439
  151.581940    0.000492
  152.113708    0.000603
  152.645477    0.000732
  153.177261    0.000910
  153.709030    0.001088
  154.240799    0.001269
  154.772568    0.001450
  155.304352    0.001606
  155.836121    0.001756
  156.367889    0.001930
  156.899658    0.002110
  157.431442    0.002347
  157.963211    0.002626
  158.494980    0.002950
  159.026749    0.003364
  159.558533    0.003786
  160.090302    0.004312
  160.622070    0.004836
  161.153839    0.005502
  161.685623    0.006232
  162.217392    0.007118
  162.749161    0.008271
  163.280930    0.009449
  163.812714    0.011223
  164.344482    0.013053
  164.876251    0.015257
  165.408035    0.017815
  165.939804    0.020486
  166.471573    0.023845
  167.003342    0.027443
  167.535126    0.031517
  168.066895    0.035986
  168.598663    0.040579
  169.130432    0.045758
  169.662201    0.051088
  170.193985    0.056728
  170.725754    0.062666
  171.257523    0.068484
  171.789291    0.074353
  172.321075    0.080237
  172.852844    0.086110
  173.384613    0.091686
  173.916382    0.096909
  174.448166    0.101388
  174.979935    0.104908
  175.511703    0.108110
  176.043472    0.111183
  176.575256    0.114507
  177.107025    0.118277
  177.638794    0.121954
  178.170563    0.125355
  178.702347    0.128475
  179.234116    0.131047
  179.765884    0.133435
  180.297653    0.135732
  180.829437    0.137358
  181.361206    0.138861
  181.892975    0.140456
  182.424744    0.141852
  182.956528    0.143505
  183.488297    0.145430
  184.020065    0.147904
  184.551834    0.150633
  185.083618    0.153474
  185.615387    0.157255
  186.147156    0.160909
  186.678925    0.163945
  187.210709    0.167264
  187.742477    0.170239
  188.274246    0.172604
  188.806015    0.175495
  189.337799    0.179232
  189.869568    0.183259
  190.401337    0.188019
  190.933105    0.194113
  191.464890    0.200379
  191.996658    0.206696
  192.528427    0.214534
  193.060196    0.222390
  193.591980    0.230063
  194.123749    0.238225
  194.655518    0.246509
  195.187286    0.254179
  195.719070    0.261445
  196.250839    0.268916
  196.782608    0.276347
  197.314377    0.283891
  197.846161    0.291096
  198.377930    0.298040
  198.909698    0.304846
  199.441467    0.311221
  199.973251    0.315718
  200.505020    0.319642
  201.036789    0.323112
  201.568558    0.325723
  202.100342    0.327466
  202.632111    0.329071
  203.163879    0.330618
  203.695648    0.331712
  204.227417    0.332450
  204.759201    0.332714
  205.290970    0.332151
  205.822739    0.329903
  206.354507    0.326644
  206.886292    0.322637
  207.418060    0.318166
  207.949829    0.312085
  208.481598    0.306026
  209.013382    0.299917
  209.545151    0.293363
  210.076920    0.284722
  210.608688    0.275680
  211.140472    0.266297
  211.672241    0.256629
  212.204010    0.245791
  212.735779    0.235183
  213.267563    0.224790
  213.799332    0.214598
  214.331100    0.204280
  214.862869    0.194330
  215.394653    0.184962
  215.926422    0.176423
  216.458191    0.169044
  216.989960    0.162863
  217.521744    0.157827
  218.053513    0.153745
  218.585281    0.150307
  219.117050    0.147159
  219.648834    0.143983
  220.180603    0.140542
  220.712372    0.136688
  221.244141    0.132207
  221.775925    0.127515
  222.307693    0.122761
  222.839462    0.118085
  223.371231    0.113370
  223.903015    0.108835
  224.434784    0.104622
  224.966553    0.100728
  225.498322    0.097126
  226.030106    0.093765
  226.561874    0.090613
  227.093643    0.087623
  227.625412    0.084758
  228.157181    0.082124
  228.688965    0.079706
  229.220734    0.077386
  229.752502    0.075097
  230.284271    0.072767
  230.816055    0.070537
  231.347824    0.068250
  231.879593    0.065804
  232.411362    0.063200
  232.943146    0.060451
  233.474915    0.057612
  234.006683    0.054681
  234.538452    0.051682
  235.070236    0.048642
  235.602005    0.045592
  236.133774    0.042497
  236.665543    0.039437
  237.197311    0.036439
  237.729095    0.033521
  238.260864    0.030708
  238.792633    0.028028
  239.324402    0.025523
  239.856186    0.023230
  240.387955    0.021170
  240.919724    0.019340
  241.451492    0.017751
  241.983276    0.016355
  242.515045    0.015093
  243.046814    0.013945
  243.578583    0.012905
  244.110367    0.011978
  244.642136    0.011194
  245.173904    0.010511
  245.705673    0.009923
  246.237457    0.009409
  246.769226    0.008960
  247.300995    0.008570
  247.832764    0.008228
  248.364548    0.007923
  248.896317    0.007658
  249.428085    0.007435
  249.959854    0.007249
  250.491638    0.007084
  251.023407    0.006949
  251.555176    0.006828
  252.086945    0.006705
  252.618729    0.006567
  253.150497    0.006400
  253.682266    0.006194
  254.214035    0.005961
  254.745819    0.005710
  255.277588    0.005449
  255.809357    0.005186
  256.341125    0.004936
  256.872925    0.004705
  257.404694    0.004507
  257.936462    0.004343
  258.468231    0.004222
  259.000000    0.004155
