   40.000000    0.000008
   40.334450    0.000011
   40.668896    0.000000
   41.003345    0.000001
   41.337791    0.000000
   41.672241    0.000003
   42.006691    0.000004
   42.341137    0.000023
   42.675587    0.000007
   43.010033    0.000000
   43.344482    0.000021
   43.678928    0.000032
   44.013378    0.000035
   44.347828    0.000042
   44.682274    0.000041
   45.016724    0.000013
   45.351170    0.000043
   45.685619    0.000121
   46.020065    0.000153
   46.354515    0.000141
   46.688965    0.000159
   47.023411    0.000243
   47.357861    0.000333
   47.692307    0.000527
   48.026756    0.000666
   48.361206    0.000787
   48.695652    0.000955
   49.030102    0.001110
   49.364548    0.001401
   49.698997    0.001720
   50.033443    0.002162
   50.367893    0.002734
   50.702343    0.003446
   51.036789    0.004170
   51.371239    0.004948
   51.705685    0.005762
   52.040134    0.006553
   52.374584    0.007351
   52.709030    0.008298
   53.043480    0.009288
   53.377926    0.010348
   53.712376    0.011490
   54.046822    0.012652
   54.381271    0.013822
   54.715721    0.015290
   55.050167    0.016852
   55.384617    0.018353
   55.719063    0.019816
   56.053513    0.021256
   56.387962    0.022799
   56.722408    0.024296
   57.056858    0.025600
   57.391304    0.027331
   57.725754    0.029522
   58.060200    0.031991
   58.394650    0.034623
   58.729099    0.037340
   59.063545    0.039765
   59.397995    0.041833
   59.732441    0.043567
   60.066891    0.045199
   60.401340    0.047750
   60.735786    0.050733
   61.070236    0.053539
   61.404682    0.056375
   61.739132    0.059170
   62.073578    0.062651
   62.408028    0.067219
   62.742477    0.072360
   63.076923    0.077741
   63.411373    0.082592
   63.745819    0.086321
   64.080269    0.089310
   64.414719    0.092275
   64.749168    0.095995
   65.083611    0.100811
   65.418060    0.106975
   65.752510    0.114418
   66.086960    0.122153
   66.421402    0.130020
   66.755852    0.137691
   67.090302    0.144039
   67.424751    0.149522
   67.759201    0.155185
   68.093643    0.160261
   68.428093    0.165254
   68.762543    0.171928
   69.096992    0.179212
   69.431442    0.185841
   69.765884    0.192578
   70.100334    0.199628
   70.434784    0.204888
   70.769234    0.208116
   71.103683    0.210722
   71.438126    0.213015
   71.772575    0.214152
   72.107025    0.214488
   72.441475    0.215312
   72.775925    0.216502
   73.110367    0.217183
   73.444817    0.216609
   73.779266    0.214488
   74.113716    0.210644
   74.448166    0.201629
   74.782608    0.179934
   75.117058    0.141975
   75.451508    0.101133
   75.785957    0.084955
   76.120399    0.103397
   76.454849    0.143365
   76.789299    0.182079
   77.123749    0.204458
   77.458199    0.212539
   77.792641    0.214187
   78.127090    0.212866
   78.461540    0.209730
   78.795990    0.206002
   79.130440    0.202432
   79.464882    0.198432
   79.799332    0.193312
   80.133781    0.187966
   80.468231    0.183464
   80.802681    0.179753
   81.137123    0.176143
   81.471573    0.172403
   81.806023    0.168868
   82.140472    0.165664
   82.474915    0.162555
   82.809364    0.159371
   83.143814    0.156175
   83.478264    0.153039
   83.812714    0.149814
   84.147156    0.146349
   84.481606    0.142627
   84.816055    0.138686
   85.150505    0.134534
   85.484955    0.130143
   85.819397    0.125570
   86.153847    0.121009
   86.488297    0.116609
   86.822746    0.112383
   87.157196    0.108234
   87.491638    0.104262
   87.826088    0.100686
   88.160538    0.097540
   88.494987    0.094665
   88.829430    0.091943
   89.163879    0.089357
   89.498329    0.086966
   89.832779    0.084894
   90.167229    0.083006
   90.501671    0.081193
   90.836121    0.079395
   91.170570    0.077838
   91.505020    0.076411
   91.839470    0.074963
   92.173912    0.073485
   92.508362    0.071905
   92.842812    0.070587
   93.177261    0.069297
   93.511711    0.067931
   93.846153    0.066498
   94.180603    0.065014
   94.515053    0.063788
   94.849503    0.062655
   95.183945    0.061526
   95.518394    0.060414
   95.852844    0.059312
   96.187294    0.058299
   96.521744    0.057367
   96.856186    0.056429
   97.190636    0.055482
   97.525085    0.054520
   97.859535    0.053534
   98.193985    0.052564
   98.528427    0.051581
   98.862877    0.050578
   99.197327    0.049568
   99.531776    0.048557
   99.866219    0.047593
  100.200668    0.046688
  100.535118    0.045797
  100.869568    0.044924
  101.204018    0.044070
  101.538460    0.043229
  101.872910    0.042567
  102.207359    0.042038
  102.541809    0.041706
  102.876259    0.041389
  103.210701    0.041071
  103.545151    0.040740
  103.879601    0.040477
  104.214050    0.040267
  104.548492    0.039883
  104.882942    0.039387
  105.217392    0.038763
  105.551842    0.038001
  105.886284    0.037225
  106.220734    0.036523
  106.555183    0.035918
  106.889633    0.035393
  107.224083    0.035027
  107.558525    0.034672
  107.892975    0.034312
  108.227425    0.033862
  108.561874    0.033353
  108.896324    0.032776
  109.230766    0.032202
  109.565216    0.031642
  109.899666    0.031105
  110.234116    0.030597
  110.568558    0.030066
  110.903008    0.029539
  111.237457    0.028931
  111.571907    0.028323
  111.906357    0.027677
  112.240799    0.027047
  112.575249    0.026413
  112.909698    0.025797
  113.244148    0.025155
  113.578598    0.024507
  113.913040    0.023799
  114.247490    0.023080
  114.581940    0.022300
  114.916389    0.021550
  115.250839    0.020752
  115.585281    0.020012
  115.919731    0.019227
  116.254181    0.018476
  116.588631    0.017681
  116.923073    0.016881
  117.257523    0.016052
  117.591972    0.015218
  117.926422    0.014383
  118.260872    0.013576
  118.595314    0.012794
  118.929764    0.012063
  119.264214    0.011365
  119.598663    0.010713
  119.933113    0.010090
  120.267555    0.009493
  120.602005    0.008924
  120.936455    0.008373
  121.270905    0.007847
  121.605354    0.007353
  121.939796    0.006877
  122.274246    0.006445
  122.608696    0.006024
  122.943146    0.005647
  123.277588    0.005281
  123.612038    0.004943
  123.946487    0.004620
  124.280937    0.004316
  124.615387    0.004035
  124.949829    0.003764
  125.284279    0.003528
  125.618729    0.003296
  125.953178    0.003094
  126.287628    0.002903
  126.622070    0.002724
  126.956520    0.002561
  127.290970    0.002400
  127.625420    0.002256
  127.959869    0.002115
  128.294312    0.001981
  128.628769    0.001856
  128.963211    0.001736
  129.297668    0.001631
  129.632111    0.001528
  129.966553    0.001439
  130.301010    0.001357
  130.635452    0.001278
  130.969910    0.001213
  131.304352    0.001148
  131.638794    0.001088
  131.973251    0.001034
  132.307693    0.000979
  132.642151    0.000932
  132.976593    0.000888
  133.311035    0.000844
  133.645493    0.000808
  133.979935    0.000773
  134.314392    0.000743
  134.648834    0.000716
  134.983276    0.000693
  135.317734    0.000674
  135.652176    0.000656
  135.986618    0.000640
  136.321075    0.000627
  136.655518    0.000614
  136.989975    0.000601
  137.324417    0.000589
  137.658859    0.000577
  137.993317    0.000565
  138.327759    0.000553
  138.662216    0.000542
  138.996658    0.000531
  139.331100    0.000520
  139.665558    0.000509
  140.000000    0.000498
