 ================================================================================
                            ISO FILTER: LW03
     Institut d'Astrophysique Spatiale, Orsay http://wwwfirback.ias.u-psud.fr   
 ================================================================================
 This is the file LW03.DAT written by H. Dole on Tue Mar 14 12:04:34 2000
 
  10.40000   0.00201714
  10.50000   0.00506247
  10.60000   0.00203283
  10.70000   0.00510169
  10.80000   0.00102426
  10.90000   0.00102818
  11.00000   0.00515881
  11.10000   0.00414137
  11.20000   0.00935032
  11.30000   0.00521253
  11.40000   0.00418435
  11.50000   0.01778828
  11.60000   0.02093304
  11.70000   0.04397126
  11.80000   0.10262730
  11.90000   0.22835498
  12.00000   0.40854800
  12.10000   0.59721494
  12.20000   0.72254974
  12.30000   0.71658081
  12.40000   0.69615120
  12.50000   0.69855547
  12.60000   0.65966034
  12.70000   0.66931266
  12.80000   0.69233781
  12.90000   0.72149068
  13.00000   0.73952538
  13.10000   0.73696566
  13.20000   0.74656814
  13.30000   0.72374099
  13.40000   0.70913774
  13.50000   0.71001160
  13.60000   0.70879310
  13.70000   0.69826281
  13.80000   0.71023440
  13.90000   0.72230357
  14.00000   0.70766711
  14.10000   0.73433036
  14.20000   0.74636859
  14.30000   0.75520462
  14.40000   0.73751581
  14.50000   0.74128878
  14.60000   0.71170962
  14.70000   0.68129539
  14.80000   0.70322382
  14.90000   0.63900000
  15.00000   0.65015662
  15.10000   0.65201795
  15.20000   0.60079831
  15.30000   0.59807587
  15.40000   0.53548640
  15.50000   0.52994812
  15.60000   0.59373921
  15.70000   0.52671862
  15.80000   0.54613996
  15.90000   0.49398181
  16.00000   0.40749606
  16.10000   0.57398009
  16.20000   0.48855343
  16.30000   0.32565379
  16.40000   0.37628183
  16.50000   0.37445000
  16.60000   0.36836025
  16.70000   0.37026867
  16.80000   0.38048577
  16.90000   0.46929178
  17.00000   0.39302978
  17.10000   0.44572651
  17.20000   0.48211592
  17.30000   0.58487189
  17.40000   0.39654511
  17.50000   0.24409422
  17.60000   0.32114136
  17.70000   0.16683947
  17.80000   0.14087337
  17.90000   0.00000000
  18.00000   0.00000000
  18.10000   0.00000000
  18.20000   0.00000000
  18.30000   0.00000000
  18.40000   0.00000000
  18.50000   0.00000000
  18.60000   0.00000000
  18.70000   0.00000000
  18.80000   0.00000000
  18.90000   0.00000000
  19.00000   0.00000000
  19.10000   0.00000000
  19.20000   0.00000000
  19.30000   0.00000000
  19.40000   0.00000000
  19.50000   0.00000000
  19.60000   0.00000000
  19.70000   0.00000000
  19.80000   0.00000000
  19.90000   0.00000000
  20.00000   0.00000000
  20.10000   0.00000000
  20.20000   0.00000000
  20.30000   0.00000000
  20.40000   0.00000000
  20.50000   0.00000000
  20.60000   0.00000000
  20.70000   0.00000000
  20.80000   0.00000000
  20.90000   0.00000000
  21.00000   0.00000000
  21.10000   0.00000000
  21.20000   0.00000000
  21.30000   0.00000000
  21.40000   0.00000000
  21.50000   0.00000000
  21.60000   0.00000000
  21.70000   0.00000000
  21.80000   0.00000000
  21.90000   0.00000000
  22.00000   0.00000000
  22.10000   0.00000000
  22.20000   0.00000000
  22.30000   0.00000000
  22.40000   0.00000000
  22.50000   0.00000000
  22.60000   0.00000000
  22.70000   0.00000000
  22.80000   0.00000000
  22.90000   0.00000000
  23.00000   0.00000000
  23.10000   0.00000000
  23.20000   0.00000000
  23.30000   0.00000000
  23.40000   0.00000000
  23.50000   0.00000000
  23.60000   0.00000000
  23.70000   0.00000000
  23.80000   0.00000000
  23.90000   0.00000000
  24.00000   0.00000000
  24.10000   0.00000000
  24.20000   0.00000000
  24.30000   0.00000000
  24.40000   0.00000000
  24.50000   0.00000000
  24.60000   0.00000000
  24.70000   0.00000000
  24.80000   0.00000000
  24.90000   0.00000000
  25.00000   0.00000000
  25.10000   0.00000000
  25.20000   0.00000000
  25.30000   0.00000000
  25.40000   0.00000000
  25.50000   0.00000000
  25.60000   0.00000000
  25.70000   0.00000000
  25.80000   0.00000000
  25.90000   0.00000000
  26.00000   0.00000000
  26.10000   0.00000000
  26.20000   0.00000000
  26.30000   0.00000000
  26.40000   0.00000000
  26.50000   0.00000000
  26.60000   0.00000000
  26.70000   0.00000000
  26.80000   0.00000000
  26.90000   0.00000000
  27.00000   0.00000000
  27.10000   0.00000000
  27.20000   0.00000000
  27.30000   0.00000000
  27.40000   0.00000000
  27.50000   0.00000000
  27.60000   0.00000000
  27.70000   0.00000000
  27.80000   0.00000000
  27.90000   0.00000000
  28.00000   0.00000000
  28.10000   0.00000000
  28.20000   0.00000000
  28.30000   0.00000000
  28.40000   0.00000000
  28.50000   0.00000000
  28.60000   0.00000000
  28.70000   0.00000000
  28.80000   0.00000000
  28.90000   0.00000000
  29.00000   0.00000000
  29.10000   0.00000000
  29.20000   0.00000000
  29.30000   0.00000000
  29.40000   0.00000000
  29.50000   0.00000000
  29.60000   0.00000000
  29.70000   0.00000000
  29.80000   0.00000000
  29.90000   0.00000000
  30.00000   0.00000000
  30.10000   0.00000000
  30.20000   0.00000000
  30.30000   0.00000000
  30.40000   0.00000000
  30.50000   0.00000000
 
 
 this file was generated with filters_cam.pro
