 ================================================================================
                            ISO FILTER: LW06
     Institut d'Astrophysique Spatiale, Orsay http://wwwfirback.ias.u-psud.fr   
 ================================================================================
 This is the file LW06.DAT written by H. Dole on Tue Mar 14 12:04:34 2000
 
   6.36000   0.00430985
   6.40000   0.01495828
   6.44000   0.01513994
   6.48000   0.01723840
   6.52000   0.01486139
   6.56000   0.01111520
   6.60000   0.02447635
   6.64000   0.00936895
   6.68000   0.01692247
   6.72000   0.01300715
   6.76000   0.01730687
   6.80000   0.01819903
   6.84000   0.05024319
   6.88000   0.08440993
   6.92000   0.18437172
   6.96000   0.30178496
   7.00000   0.42049411
   7.04000   0.45937225
   7.08000   0.47411969
   7.12000   0.50109458
   7.16000   0.50792384
   7.20000   0.53927660
   7.24000   0.51555437
   7.28000   0.54654139
   7.32000   0.55524844
   7.36000   0.56087285
   7.40000   0.55858576
   7.44000   0.57618612
   7.48000   0.55225420
   7.52000   0.57652891
   7.56000   0.56866533
   7.60000   0.55915743
   7.64000   0.53991437
   7.68000   0.52545965
   7.72000   0.54339349
   7.76000   0.53945023
   7.80000   0.53630412
   7.84000   0.57798040
   7.88000   0.58386540
   7.92000   0.58894920
   7.96000   0.60060191
   8.00000   0.60642451
   8.04000   0.60897446
   8.08000   0.60741419
   8.12000   0.59760356
   8.16000   0.59519076
   8.20000   0.59442157
   8.24000   0.59116364
   8.28000   0.59618521
   8.32000   0.58876288
   8.36000   0.56218839
   8.40000   0.52553850
   8.44000   0.44457135
   8.48000   0.34245288
   8.52000   0.23668452
   8.56000   0.14990020
   8.60000   0.09391440
   8.64000   0.05793321
   8.68000   0.03615018
   8.72000   0.02272839
   8.76000   0.02022918
   8.80000   0.01772342
   8.84000   0.01352100
   8.88000   0.01776921
   8.92000   0.01186140
   8.96000   0.01527000
   9.00000   0.00750054
   9.04000   0.00491072
   9.08000   0.01205268
   9.12000   0.01182858
   9.16000   0.01005721
   9.20000   0.00682822
   9.24000   0.01190002
   9.28000   0.00874573
   9.32000   0.01070805
   9.36000   0.01258074
   9.40000   0.01231181
   9.44000   0.00735954
   9.48000   0.00470732
   9.52000   0.00000000
   9.56000   0.00000000
   9.60000   0.00000000
   9.64000   0.00000000
   9.68000   0.00000000
   9.72000   0.00000000
   9.76000   0.00000000
   9.80000   0.00000000
   9.84000   0.00000000
   9.88000   0.00000000
   9.92000   0.00000000
   9.96000   0.00000000
  10.00000   0.00000000
  10.04000   0.00000000
  10.08000   0.00000000
  10.12000   0.00000000
  10.16000   0.00000000
  10.20000   0.00000000
  10.24000   0.00000000
  10.28000   0.00000000
  10.32000   0.00000000
  10.36000   0.00000000
  10.40000   0.00000000
  10.44000   0.00000000
  10.48000   0.00000000
  10.52000   0.00000000
  10.56000   0.00000000
  10.60000   0.00000000
  10.64000   0.00000000
  10.68000   0.00000000
  10.72000   0.00000000
  10.76000   0.00000000
  10.80000   0.00000000
  10.84000   0.00000000
  10.88000   0.00000000
  10.92000   0.00000000
  10.96000   0.00000000
  11.00000   0.00000000
  11.04000   0.00000000
  11.08000   0.00000000
  11.12000   0.00000000
  11.16000   0.00000000
  11.20000   0.00000000
  11.24000   0.00000000
  11.28000   0.00000000
  11.32000   0.00000000
  11.36000   0.00000000
  11.40000   0.00000000
  11.44000   0.00000000
  11.48000   0.00000000
  11.52000   0.00000000
  11.56000   0.00000000
  11.60000   0.00000000
  11.64000   0.00000000
  11.68000   0.00000000
  11.72000   0.00000000
  11.76000   0.00000000
  11.80000   0.00000000
  11.84000   0.00000000
  11.88000   0.00000000
  11.92000   0.00000000
  11.96000   0.00000000
  12.00000   0.00000000
  12.04000   0.00000000
  12.08000   0.00000000
  12.12000   0.00000000
  12.16000   0.00000000
  12.20000   0.00000000
  12.24000   0.00000000
  12.28000   0.00000000
  12.32000   0.00000000
  12.36000   0.00000000
  12.40000   0.00000000
  12.44000   0.00000000
  12.48000   0.00000000
  12.52000   0.00000000
  12.56000   0.00000000
  12.60000   0.00000000
  12.64000   0.00000000
  12.68000   0.00000000
  12.72000   0.00000000
  12.76000   0.00000000
  12.80000   0.00000000
  12.84000   0.00000000
  12.88000   0.00000000
  12.92000   0.00000000
  12.96000   0.00000000
  13.00000   0.00000000
  13.04000   0.00000000
  13.08000   0.00000000
  13.12000   0.00000000
  13.16000   0.00000000
  13.20000   0.00000000
  13.24000   0.00000000
  13.28000   0.00000000
  13.32000   0.00000000
  13.36000   0.00000000
  13.40000   0.00000000
  13.44000   0.00000000
  13.48000   0.00000000
  13.52000   0.00000000
  13.56000   0.00000000
  13.60000   0.00000000
  13.64000   0.00000000
  13.68000   0.00000000
  13.72000   0.00000000
  13.76000   0.00000000
  13.80000   0.00000000
  13.84000   0.00000000
  13.88000   0.00000000
  13.92000   0.00000000
  13.96000   0.00000000
  14.00000   0.00000000
  14.04000   0.00000000
  14.08000   0.00000000
  14.12000   0.00000000
  14.16000   0.00000000
  14.20000   0.00000000
  14.24000   0.00000000
  14.28000   0.00000000
  14.32000   0.00000000
  14.36000   0.00000000
  14.40000   0.00000000
 
 
 this file was generated with filters_cam.pro
