 ================================================================================
                         FILTER: MM 1300 microns
    Institut d'Astrophysique Spatiale, Orsay http://wwwfirback.ias.u-psud.fr   
 ================================================================================
 This is the file MM_1300.DAT written by H. Dole on Sun Sep 24 17:02:58 2000
 
 850.00000   0.00000000
 851.00000   0.00000000
 852.00000   0.00000000
 853.00000   0.00000000
 854.00000   0.00000000
 855.00000   0.00000000
 856.00000   0.00000000
 857.00000   0.00000000
 858.00000   0.00000000
 859.00000   0.00000000
 860.00000   0.00000000
 861.00000   0.00000000
 862.00000   0.00000000
 863.00000   0.00000000
 864.00000   0.00000000
 865.00000   0.00000000
 866.00000   0.00000000
 867.00000   0.00000000
 868.00000   0.00000000
 869.00000   0.00000000
 870.00000   0.00000000
 871.00000   0.00000000
 872.00000   0.00000000
 873.00000   0.00000000
 874.00000   0.00000000
 875.00000   0.00000000
 876.00000   0.00000000
 877.00000   0.00000000
 878.00000   0.00000000
 879.00000   0.00000000
 880.00000   0.00000000
 881.00000   0.00000000
 882.00000   0.00000000
 883.00000   0.00000000
 884.00000   0.00000000
 885.00000   0.00000000
 886.00000   0.00000000
 887.00000   0.00000000
 888.00000   0.00000000
 889.00000   0.00000000
 890.00000   0.00000000
 891.00000   0.00000000
 892.00000   0.00000000
 893.00000   0.00000000
 894.00000   0.00000000
 895.00000   0.00000000
 896.00000   0.00000000
 897.00000   0.00000000
 898.00000   0.00000000
 899.00000   0.00000000
 900.00000   0.00000000
 901.00000   0.00000000
 902.00000   0.00000000
 903.00000   0.00000000
 904.00000   0.00000000
 905.00000   0.00000000
 906.00000   0.00000000
 907.00000   0.00000000
 908.00000   0.00000000
 909.00000   0.00000000
 910.00000   0.00000000
 911.00000   0.00000000
 912.00000   0.00000000
 913.00000   0.00000000
 914.00000   0.00000000
 915.00000   0.00000000
 916.00000   0.00000000
 917.00000   0.00000000
 918.00000   0.00000000
 919.00000   0.00000000
 920.00000   0.00000000
 921.00000   0.00000000
 922.00000   0.00000000
 923.00000   0.00000000
 924.00000   0.00000000
 925.00000   0.00000000
 926.00000   0.00000000
 927.00000   0.00000000
 928.00000   0.00000000
 929.00000   0.00000000
 930.00000   0.00000000
 931.00000   0.00000000
 932.00000   0.00000000
 933.00000   0.00000000
 934.00000   0.00000000
 935.00000   0.00000000
 936.00000   0.00000000
 937.00000   0.00000000
 938.00000   0.00000000
 939.00000   0.00000000
 940.00000   0.00000000
 941.00000   0.00000000
 942.00000   0.00000000
 943.00000   0.00000000
 944.00000   0.00000000
 945.00000   0.00000000
 946.00000   0.00000000
 947.00000   0.00000000
 948.00000   0.00000000
 949.00000   0.00000000
 950.00000   0.00000000
 951.00000   0.00000000
 952.00000   0.00000000
 953.00000   0.00000000
 954.00000   0.00000000
 955.00000   0.00000000
 956.00000   0.00000000
 957.00000   0.00000000
 958.00000   0.00000000
 959.00000   0.00000000
 960.00000   0.00000000
 961.00000   0.00000000
 962.00000   0.00000000
 963.00000   0.00000000
 964.00000   0.00000000
 965.00000   0.00000000
 966.00000   0.00000000
 967.00000   0.00000000
 968.00000   0.00000000
 969.00000   0.00000000
 970.00000   0.00000000
 971.00000   0.00000000
 972.00000   0.00000000
 973.00000   0.00000000
 974.00000   0.00000000
 975.00000   0.00000000
 976.00000   0.00000000
 977.00000   0.00000000
 978.00000   0.00000000
 979.00000   0.00000000
 980.00000   0.00000000
 981.00000   0.00000000
 982.00000   0.00000000
 983.00000   0.00000000
 984.00000   0.00000000
 985.00000   0.00000000
 986.00000   0.00000000
 987.00000   0.00000000
 988.00000   0.00000000
 989.00000   0.00000000
 990.00000   0.00000000
 991.00000   0.00000000
 992.00000   0.00000000
 993.00000   0.00000000
 994.00000   0.00000000
 995.00000   0.00000000
 996.00000   0.00000000
 997.00000   0.00000000
 998.00000   0.00000000
 999.00000   0.00000000
1000.00000   0.00000000
1001.00000   0.00000000
1002.00000   0.00000000
1003.00000   0.00000000
1004.00000   0.00000000
1005.00000   0.00000000
1006.00000   0.00000000
1007.00000   0.00000000
1008.00000   0.00000000
1009.00000   0.00000000
1010.00000   0.00000000
1011.00000   0.00000000
1012.00000   0.00000000
1013.00000   0.00000000
1014.00000   0.00000000
1015.00000   0.00000000
1016.00000   0.00000000
1017.00000   0.00000000
1018.00000   0.00000000
1019.00000   0.00000000
1020.00000   0.00000000
1021.00000   0.00000000
1022.00000   0.00000000
1023.00000   0.00000000
1024.00000   0.00000000
1025.00000   0.00000000
1026.00000   0.00000000
1027.00000   0.00000000
1028.00000   0.00000000
1029.00000   0.00000000
1030.00000   0.00000000
1031.00000   0.00000000
1032.00000   0.00000000
1033.00000   0.00000000
1034.00000   0.00000000
1035.00000   0.00000000
1036.00000   0.00000000
1037.00000   0.00000000
1038.00000   0.00000000
1039.00000   0.00000000
1040.00000   0.00000000
1041.00000   0.00000000
1042.00000   0.00000000
1043.00000   0.00000000
1044.00000   0.00000000
1045.00000   0.00000000
1046.00000   0.00000000
1047.00000   0.00000000
1048.00000   0.00000000
1049.00000   0.00000000
1050.00000   0.00000000
1051.00000   0.00000000
1052.00000   0.00000000
1053.00000   0.00000000
1054.00000   0.00000000
1055.00000   0.00000000
1056.00000   0.00000000
1057.00000   0.00000000
1058.00000   0.00000000
1059.00000   0.00000000
1060.00000   0.00000000
1061.00000   0.00000000
1062.00000   0.00000000
1063.00000   0.00000000
1064.00000   0.00000000
1065.00000   0.00000000
1066.00000   0.00000000
1067.00000   0.00000000
1068.00000   0.00000000
1069.00000   0.00000000
1070.00000   0.00000000
1071.00000   0.00000000
1072.00000   0.00000000
1073.00000   0.00000000
1074.00000   0.00000000
1075.00000   0.00000000
1076.00000   0.00000000
1077.00000   0.00000000
1078.00000   0.00000000
1079.00000   0.00000000
1080.00000   0.00000000
1081.00000   0.00000000
1082.00000   0.00000000
1083.00000   0.00000000
1084.00000   0.00000000
1085.00000   0.00000000
1086.00000   0.00000000
1087.00000   0.00000000
1088.00000   0.00000000
1089.00000   0.00000000
1090.00000   0.00000000
1091.00000   0.00000000
1092.00000   0.00000000
1093.00000   0.00000000
1094.00000   0.00000000
1095.00000   0.00000000
1096.00000   0.00000000
1097.00000   0.00000000
1098.00000   0.00000000
1099.00000   0.00000000
1100.00000   0.00000000
1101.00000   0.00000000
1102.00000   0.00000000
1103.00000   0.00000000
1104.00000   0.00000000
1105.00000   0.00000000
1106.00000   0.00000000
1107.00000   0.00000000
1108.00000   0.00000000
1109.00000   0.00000000
1110.00000   0.00000000
1111.00000   0.00000000
1112.00000   0.00000000
1113.00000   0.00000000
1114.00000   0.00000000
1115.00000   0.00000000
1116.00000   0.00000000
1117.00000   0.00000000
1118.00000   0.00000000
1119.00000   0.00000000
1120.00000   0.00000000
1121.00000   0.00000000
1122.00000   0.00000000
1123.00000   0.00000000
1124.00000   0.00000000
1125.00000   0.00000000
1126.00000   0.00000000
1127.00000   0.00000000
1128.00000   0.00000000
1129.00000   0.00000000
1130.00000   0.00000000
1131.00000   0.00000000
1132.00000   0.00000000
1133.00000   0.00000000
1134.00000   0.00000000
1135.00000   0.00000000
1136.00000   0.00000000
1137.00000   0.00000000
1138.00000   0.00000000
1139.00000   0.00000000
1140.00000   0.00000000
1141.00000   0.00000000
1142.00000   0.00000000
1143.00000   0.00000000
1144.00000   0.00000000
1145.00000   0.00000000
1146.00000   0.00000000
1147.00000   0.00000000
1148.00000   0.00000000
1149.00000   0.00000000
1150.00000   0.00000000
1151.00000   0.00000000
1152.00000   0.00000000
1153.00000   0.00000000
1154.00000   0.00000000
1155.00000   0.00000000
1156.00000   0.00000000
1157.00000   0.00000000
1158.00000   0.00000000
1159.00000   0.00000000
1160.00000   0.00000000
1161.00000   0.00000000
1162.00000   0.00000000
1163.00000   0.00000000
1164.00000   0.00000000
1165.00000   0.00000000
1166.00000   0.00000000
1167.00000   0.00000000
1168.00000   0.00000000
1169.00000   0.00000000
1170.00000   1.00000000
1171.00000   1.00000000
1172.00000   1.00000000
1173.00000   1.00000000
1174.00000   1.00000000
1175.00000   1.00000000
1176.00000   1.00000000
1177.00000   1.00000000
1178.00000   1.00000000
1179.00000   1.00000000
1180.00000   1.00000000
1181.00000   1.00000000
1182.00000   1.00000000
1183.00000   1.00000000
1184.00000   1.00000000
1185.00000   1.00000000
1186.00000   1.00000000
1187.00000   1.00000000
1188.00000   1.00000000
1189.00000   1.00000000
1190.00000   1.00000000
1191.00000   1.00000000
1192.00000   1.00000000
1193.00000   1.00000000
1194.00000   1.00000000
1195.00000   1.00000000
1196.00000   1.00000000
1197.00000   1.00000000
1198.00000   1.00000000
1199.00000   1.00000000
1200.00000   1.00000000
1201.00000   1.00000000
1202.00000   1.00000000
1203.00000   1.00000000
1204.00000   1.00000000
1205.00000   1.00000000
1206.00000   1.00000000
1207.00000   1.00000000
1208.00000   1.00000000
1209.00000   1.00000000
1210.00000   1.00000000
1211.00000   1.00000000
1212.00000   1.00000000
1213.00000   1.00000000
1214.00000   1.00000000
1215.00000   1.00000000
1216.00000   1.00000000
1217.00000   1.00000000
1218.00000   1.00000000
1219.00000   1.00000000
1220.00000   1.00000000
1221.00000   1.00000000
1222.00000   1.00000000
1223.00000   1.00000000
1224.00000   1.00000000
1225.00000   1.00000000
1226.00000   1.00000000
1227.00000   1.00000000
1228.00000   1.00000000
1229.00000   1.00000000
1230.00000   1.00000000
1231.00000   1.00000000
1232.00000   1.00000000
1233.00000   1.00000000
1234.00000   1.00000000
1235.00000   1.00000000
1236.00000   1.00000000
1237.00000   1.00000000
1238.00000   1.00000000
1239.00000   1.00000000
1240.00000   1.00000000
1241.00000   1.00000000
1242.00000   1.00000000
1243.00000   1.00000000
1244.00000   1.00000000
1245.00000   1.00000000
1246.00000   1.00000000
1247.00000   1.00000000
1248.00000   1.00000000
1249.00000   1.00000000
1250.00000   1.00000000
1251.00000   1.00000000
1252.00000   1.00000000
1253.00000   1.00000000
1254.00000   1.00000000
1255.00000   1.00000000
1256.00000   1.00000000
1257.00000   1.00000000
1258.00000   1.00000000
1259.00000   1.00000000
1260.00000   1.00000000
1261.00000   1.00000000
1262.00000   1.00000000
1263.00000   1.00000000
1264.00000   1.00000000
1265.00000   1.00000000
1266.00000   1.00000000
1267.00000   1.00000000
1268.00000   1.00000000
1269.00000   1.00000000
1270.00000   1.00000000
1271.00000   1.00000000
1272.00000   1.00000000
1273.00000   1.00000000
1274.00000   1.00000000
1275.00000   1.00000000
1276.00000   1.00000000
1277.00000   1.00000000
1278.00000   1.00000000
1279.00000   1.00000000
1280.00000   1.00000000
1281.00000   1.00000000
1282.00000   1.00000000
1283.00000   1.00000000
1284.00000   1.00000000
1285.00000   1.00000000
1286.00000   1.00000000
1287.00000   1.00000000
1288.00000   1.00000000
1289.00000   1.00000000
1290.00000   1.00000000
1291.00000   1.00000000
1292.00000   1.00000000
1293.00000   1.00000000
1294.00000   1.00000000
1295.00000   1.00000000
1296.00000   1.00000000
1297.00000   1.00000000
1298.00000   1.00000000
1299.00000   1.00000000
1300.00000   1.00000000
1301.00000   1.00000000
1302.00000   1.00000000
1303.00000   1.00000000
1304.00000   1.00000000
1305.00000   1.00000000
1306.00000   1.00000000
1307.00000   1.00000000
1308.00000   1.00000000
1309.00000   1.00000000
1310.00000   1.00000000
1311.00000   1.00000000
1312.00000   1.00000000
1313.00000   1.00000000
1314.00000   1.00000000
1315.00000   1.00000000
1316.00000   1.00000000
1317.00000   1.00000000
1318.00000   1.00000000
1319.00000   1.00000000
1320.00000   1.00000000
1321.00000   1.00000000
1322.00000   1.00000000
1323.00000   1.00000000
1324.00000   1.00000000
1325.00000   1.00000000
1326.00000   1.00000000
1327.00000   1.00000000
1328.00000   1.00000000
1329.00000   1.00000000
1330.00000   1.00000000
1331.00000   1.00000000
1332.00000   1.00000000
1333.00000   1.00000000
1334.00000   1.00000000
1335.00000   1.00000000
1336.00000   1.00000000
1337.00000   1.00000000
1338.00000   1.00000000
1339.00000   1.00000000
1340.00000   1.00000000
1341.00000   1.00000000
1342.00000   1.00000000
1343.00000   1.00000000
1344.00000   1.00000000
1345.00000   1.00000000
1346.00000   1.00000000
1347.00000   1.00000000
1348.00000   1.00000000
1349.00000   1.00000000
1350.00000   1.00000000
1351.00000   1.00000000
1352.00000   1.00000000
1353.00000   1.00000000
1354.00000   1.00000000
1355.00000   1.00000000
1356.00000   1.00000000
1357.00000   1.00000000
1358.00000   1.00000000
1359.00000   1.00000000
1360.00000   1.00000000
1361.00000   1.00000000
1362.00000   1.00000000
1363.00000   1.00000000
1364.00000   1.00000000
1365.00000   1.00000000
1366.00000   1.00000000
1367.00000   1.00000000
1368.00000   1.00000000
1369.00000   1.00000000
1370.00000   1.00000000
1371.00000   1.00000000
1372.00000   1.00000000
1373.00000   1.00000000
1374.00000   1.00000000
1375.00000   1.00000000
1376.00000   1.00000000
1377.00000   1.00000000
1378.00000   1.00000000
1379.00000   1.00000000
1380.00000   1.00000000
1381.00000   1.00000000
1382.00000   1.00000000
1383.00000   1.00000000
1384.00000   1.00000000
1385.00000   1.00000000
1386.00000   1.00000000
1387.00000   1.00000000
1388.00000   1.00000000
1389.00000   1.00000000
1390.00000   1.00000000
1391.00000   1.00000000
1392.00000   1.00000000
1393.00000   1.00000000
1394.00000   1.00000000
1395.00000   1.00000000
1396.00000   1.00000000
1397.00000   1.00000000
1398.00000   1.00000000
1399.00000   1.00000000
1400.00000   1.00000000
1401.00000   1.00000000
1402.00000   1.00000000
1403.00000   1.00000000
1404.00000   1.00000000
1405.00000   1.00000000
1406.00000   1.00000000
1407.00000   1.00000000
1408.00000   1.00000000
1409.00000   1.00000000
1410.00000   1.00000000
1411.00000   1.00000000
1412.00000   1.00000000
1413.00000   1.00000000
1414.00000   1.00000000
1415.00000   1.00000000
1416.00000   1.00000000
1417.00000   1.00000000
1418.00000   1.00000000
1419.00000   1.00000000
1420.00000   1.00000000
1421.00000   1.00000000
1422.00000   1.00000000
1423.00000   1.00000000
1424.00000   1.00000000
1425.00000   1.00000000
1426.00000   1.00000000
1427.00000   1.00000000
1428.00000   1.00000000
1429.00000   1.00000000
1430.00000   1.00000000
1431.00000   0.00000000
1432.00000   0.00000000
1433.00000   0.00000000
1434.00000   0.00000000
1435.00000   0.00000000
1436.00000   0.00000000
1437.00000   0.00000000
1438.00000   0.00000000
1439.00000   0.00000000
1440.00000   0.00000000
1441.00000   0.00000000
1442.00000   0.00000000
1443.00000   0.00000000
1444.00000   0.00000000
1445.00000   0.00000000
1446.00000   0.00000000
1447.00000   0.00000000
1448.00000   0.00000000
1449.00000   0.00000000
1450.00000   0.00000000
1451.00000   0.00000000
1452.00000   0.00000000
1453.00000   0.00000000
1454.00000   0.00000000
1455.00000   0.00000000
1456.00000   0.00000000
1457.00000   0.00000000
1458.00000   0.00000000
1459.00000   0.00000000
1460.00000   0.00000000
1461.00000   0.00000000
1462.00000   0.00000000
1463.00000   0.00000000
1464.00000   0.00000000
1465.00000   0.00000000
1466.00000   0.00000000
1467.00000   0.00000000
1468.00000   0.00000000
1469.00000   0.00000000
1470.00000   0.00000000
1471.00000   0.00000000
1472.00000   0.00000000
1473.00000   0.00000000
1474.00000   0.00000000
1475.00000   0.00000000
1476.00000   0.00000000
1477.00000   0.00000000
1478.00000   0.00000000
1479.00000   0.00000000
1480.00000   0.00000000
1481.00000   0.00000000
1482.00000   0.00000000
1483.00000   0.00000000
1484.00000   0.00000000
1485.00000   0.00000000
1486.00000   0.00000000
1487.00000   0.00000000
1488.00000   0.00000000
1489.00000   0.00000000
1490.00000   0.00000000
1491.00000   0.00000000
1492.00000   0.00000000
1493.00000   0.00000000
1494.00000   0.00000000
1495.00000   0.00000000
1496.00000   0.00000000
1497.00000   0.00000000
1498.00000   0.00000000
1499.00000   0.00000000
1500.00000   0.00000000
1501.00000   0.00000000
1502.00000   0.00000000
1503.00000   0.00000000
1504.00000   0.00000000
1505.00000   0.00000000
1506.00000   0.00000000
1507.00000   0.00000000
1508.00000   0.00000000
1509.00000   0.00000000
1510.00000   0.00000000
1511.00000   0.00000000
1512.00000   0.00000000
1513.00000   0.00000000
1514.00000   0.00000000
1515.00000   0.00000000
1516.00000   0.00000000
1517.00000   0.00000000
1518.00000   0.00000000
1519.00000   0.00000000
1520.00000   0.00000000
1521.00000   0.00000000
1522.00000   0.00000000
1523.00000   0.00000000
1524.00000   0.00000000
1525.00000   0.00000000
1526.00000   0.00000000
1527.00000   0.00000000
1528.00000   0.00000000
1529.00000   0.00000000
1530.00000   0.00000000
1531.00000   0.00000000
1532.00000   0.00000000
1533.00000   0.00000000
1534.00000   0.00000000
1535.00000   0.00000000
1536.00000   0.00000000
1537.00000   0.00000000
1538.00000   0.00000000
1539.00000   0.00000000
1540.00000   0.00000000
1541.00000   0.00000000
1542.00000   0.00000000
1543.00000   0.00000000
1544.00000   0.00000000
1545.00000   0.00000000
1546.00000   0.00000000
1547.00000   0.00000000
1548.00000   0.00000000
1549.00000   0.00000000
1550.00000   0.00000000
1551.00000   0.00000000
1552.00000   0.00000000
1553.00000   0.00000000
1554.00000   0.00000000
1555.00000   0.00000000
1556.00000   0.00000000
1557.00000   0.00000000
1558.00000   0.00000000
1559.00000   0.00000000
1560.00000   0.00000000
1561.00000   0.00000000
1562.00000   0.00000000
1563.00000   0.00000000
1564.00000   0.00000000
1565.00000   0.00000000
1566.00000   0.00000000
1567.00000   0.00000000
1568.00000   0.00000000
1569.00000   0.00000000
1570.00000   0.00000000
1571.00000   0.00000000
1572.00000   0.00000000
1573.00000   0.00000000
1574.00000   0.00000000
1575.00000   0.00000000
1576.00000   0.00000000
1577.00000   0.00000000
1578.00000   0.00000000
1579.00000   0.00000000
1580.00000   0.00000000
1581.00000   0.00000000
1582.00000   0.00000000
1583.00000   0.00000000
1584.00000   0.00000000
1585.00000   0.00000000
1586.00000   0.00000000
1587.00000   0.00000000
1588.00000   0.00000000
1589.00000   0.00000000
1590.00000   0.00000000
1591.00000   0.00000000
1592.00000   0.00000000
1593.00000   0.00000000
1594.00000   0.00000000
1595.00000   0.00000000
1596.00000   0.00000000
1597.00000   0.00000000
1598.00000   0.00000000
1599.00000   0.00000000
1600.00000   0.00000000
1601.00000   0.00000000
1602.00000   0.00000000
1603.00000   0.00000000
1604.00000   0.00000000
1605.00000   0.00000000
1606.00000   0.00000000
1607.00000   0.00000000
1608.00000   0.00000000
1609.00000   0.00000000
1610.00000   0.00000000
1611.00000   0.00000000
1612.00000   0.00000000
1613.00000   0.00000000
1614.00000   0.00000000
1615.00000   0.00000000
1616.00000   0.00000000
1617.00000   0.00000000
1618.00000   0.00000000
1619.00000   0.00000000
1620.00000   0.00000000
1621.00000   0.00000000
1622.00000   0.00000000
1623.00000   0.00000000
1624.00000   0.00000000
1625.00000   0.00000000
1626.00000   0.00000000
1627.00000   0.00000000
1628.00000   0.00000000
1629.00000   0.00000000
1630.00000   0.00000000
1631.00000   0.00000000
1632.00000   0.00000000
1633.00000   0.00000000
1634.00000   0.00000000
1635.00000   0.00000000
1636.00000   0.00000000
1637.00000   0.00000000
1638.00000   0.00000000
1639.00000   0.00000000
1640.00000   0.00000000
1641.00000   0.00000000
1642.00000   0.00000000
1643.00000   0.00000000
1644.00000   0.00000000
1645.00000   0.00000000
1646.00000   0.00000000
1647.00000   0.00000000
1648.00000   0.00000000
1649.00000   0.00000000
1650.00000   0.00000000
1651.00000   0.00000000
1652.00000   0.00000000
1653.00000   0.00000000
1654.00000   0.00000000
1655.00000   0.00000000
1656.00000   0.00000000
1657.00000   0.00000000
1658.00000   0.00000000
1659.00000   0.00000000
1660.00000   0.00000000
1661.00000   0.00000000
1662.00000   0.00000000
1663.00000   0.00000000
1664.00000   0.00000000
1665.00000   0.00000000
1666.00000   0.00000000
1667.00000   0.00000000
1668.00000   0.00000000
1669.00000   0.00000000
1670.00000   0.00000000
1671.00000   0.00000000
1672.00000   0.00000000
1673.00000   0.00000000
1674.00000   0.00000000
1675.00000   0.00000000
1676.00000   0.00000000
1677.00000   0.00000000
1678.00000   0.00000000
1679.00000   0.00000000
1680.00000   0.00000000
1681.00000   0.00000000
1682.00000   0.00000000
1683.00000   0.00000000
1684.00000   0.00000000
1685.00000   0.00000000
1686.00000   0.00000000
1687.00000   0.00000000
1688.00000   0.00000000
1689.00000   0.00000000
1690.00000   0.00000000
1691.00000   0.00000000
1692.00000   0.00000000
1693.00000   0.00000000
1694.00000   0.00000000
1695.00000   0.00000000
1696.00000   0.00000000
1697.00000   0.00000000
1698.00000   0.00000000
1699.00000   0.00000000
1700.00000   0.00000000
1701.00000   0.00000000
1702.00000   0.00000000
1703.00000   0.00000000
1704.00000   0.00000000
1705.00000   0.00000000
1706.00000   0.00000000
1707.00000   0.00000000
1708.00000   0.00000000
1709.00000   0.00000000
1710.00000   0.00000000
1711.00000   0.00000000
1712.00000   0.00000000
1713.00000   0.00000000
1714.00000   0.00000000
1715.00000   0.00000000
1716.00000   0.00000000
1717.00000   0.00000000
1718.00000   0.00000000
1719.00000   0.00000000
1720.00000   0.00000000
1721.00000   0.00000000
1722.00000   0.00000000
1723.00000   0.00000000
1724.00000   0.00000000
1725.00000   0.00000000
1726.00000   0.00000000
1727.00000   0.00000000
1728.00000   0.00000000
1729.00000   0.00000000
1730.00000   0.00000000
1731.00000   0.00000000
1732.00000   0.00000000
1733.00000   0.00000000
1734.00000   0.00000000
1735.00000   0.00000000
1736.00000   0.00000000
1737.00000   0.00000000
1738.00000   0.00000000
1739.00000   0.00000000
1740.00000   0.00000000
1741.00000   0.00000000
1742.00000   0.00000000
1743.00000   0.00000000
1744.00000   0.00000000
1745.00000   0.00000000
1746.00000   0.00000000
1747.00000   0.00000000
1748.00000   0.00000000
1749.00000   0.00000000
 
 
 this file was generated with filters_mm.pro
