      1064.00      0.00000
      1065.00      0.00000
      1066.00      0.00000
      1067.00      0.00000
      1068.00      0.00000
      1069.00      0.00000
      1070.00      0.00000
      1071.00      0.00000
      1072.00      0.00000
      1073.00      0.00000
      1074.00      0.00000
      1075.00      0.00000
      1076.00      0.00000
      1077.00      0.00000
      1078.00      0.00000
      1079.00      0.00000
      1080.00      0.00000
      1081.00      0.00000
      1082.00      0.00000
      1083.00      0.00000
      1084.00      0.00000
      1085.00      0.00000
      1086.00      0.00000
      1087.00      0.00000
      1088.00      0.00000
      1089.00      0.00000
      1090.00      0.00000
      1091.00      0.00000
      1092.00      0.00000
      1093.00      0.00000
      1094.00      0.00000
      1095.00      0.00000
      1096.00      0.00000
      1097.00      0.00000
      1098.00      0.00000
      1099.00      0.00000
      1100.00      0.00000
      1101.00      0.00000
      1102.00      0.00000
      1103.00      0.00000
      1104.00      0.00000
      1105.00      0.00000
      1106.00      0.00000
      1107.00      0.00000
      1108.00      0.00000
      1109.00      0.00000
      1110.00      0.00000
      1111.00      0.00000
      1112.00      0.00000
      1113.00      0.00000
      1114.00      0.00000
      1115.00      0.00000
      1116.00      0.00000
      1117.00      0.00000
      1118.00      0.00000
      1119.00      0.00000
      1120.00      0.00000
      1121.00      0.00000
      1122.00      0.00000
      1123.00      0.00000
      1124.00      0.00000
      1125.00      0.00000
      1126.00      0.00000
      1127.00      0.00000
      1128.00      0.00000
      1129.00      0.00000
      1130.00      0.00000
      1131.00      0.00000
      1132.00      0.00000
      1133.00      0.00000
      1134.00      0.00000
      1135.00      0.00000
      1136.00      0.00000
      1137.00      0.00000
      1138.00      0.00000
      1139.00      0.00000
      1140.00      0.00000
      1141.00      0.00000
      1142.00      0.00000
      1143.00      0.00000
      1144.00      0.00000
      1145.00      0.00000
      1146.00      0.00000
      1147.00      0.00000
      1148.00      0.00000
      1149.00      0.00000
      1150.00      0.00000
      1151.00      0.00000
      1152.00      0.00000
      1153.00      0.00000
      1154.00      0.00000
      1155.00      0.00000
      1156.00      0.00000
      1157.00      0.00000
      1158.00      0.00000
      1159.00      0.00000
      1160.00      0.00000
      1161.00      0.00000
      1162.00      0.00000
      1163.00      0.00000
      1164.00      0.00000
      1165.00      0.00000
      1166.00      0.00000
      1167.00      0.00000
      1168.00      0.00000
      1169.00      0.00000
      1170.00      0.00000
      1171.00      0.00000
      1172.00      0.00000
      1173.00      0.00000
      1174.00      0.00000
      1175.00      0.00000
      1176.00      0.00000
      1177.00      0.00000
      1178.00      0.00000
      1179.00      0.00000
      1180.00      0.00000
      1181.00      0.00000
      1182.00      0.00000
      1183.00      0.00000
      1184.00      0.00000
      1185.00      0.00000
      1186.00      0.00000
      1187.00      0.00000
      1188.00      0.00000
      1189.00      0.00000
      1190.00      0.00000
      1191.00      0.00000
      1192.00      0.00000
      1193.00      0.00000
      1194.00      0.00000
      1195.00      0.00000
      1196.00      0.00000
      1197.00      0.00000
      1198.00      1.00000
      1199.00      1.00000
      1200.00      1.00000
      1201.00      1.00000
      1202.00      1.00000
      1203.00      1.00000
      1204.00      1.00000
      1205.00      1.00000
      1206.00      1.00000
      1207.00      1.00000
      1208.00      1.00000
      1209.00      1.00000
      1210.00      1.00000
      1211.00      1.00000
      1212.00      1.00000
      1213.00      1.00000
      1214.00      1.00000
      1215.00      1.00000
      1216.00      1.00000
      1217.00      1.00000
      1218.00      1.00000
      1219.00      1.00000
      1220.00      1.00000
      1221.00      1.00000
      1222.00      1.00000
      1223.00      1.00000
      1224.00      1.00000
      1225.00      1.00000
      1226.00      1.00000
      1227.00      1.00000
      1228.00      1.00000
      1229.00      1.00000
      1230.00      1.00000
      1231.00      1.00000
      1232.00      1.00000
      1233.00      1.00000
      1234.00      1.00000
      1235.00      1.00000
      1236.00      1.00000
      1237.00      1.00000
      1238.00      1.00000
      1239.00      1.00000
      1240.00      1.00000
      1241.00      1.00000
      1242.00      1.00000
      1243.00      1.00000
      1244.00      1.00000
      1245.00      1.00000
      1246.00      1.00000
      1247.00      1.00000
      1248.00      1.00000
      1249.00      1.00000
      1250.00      1.00000
      1251.00      1.00000
      1252.00      1.00000
      1253.00      1.00000
      1254.00      1.00000
      1255.00      1.00000
      1256.00      1.00000
      1257.00      1.00000
      1258.00      1.00000
      1259.00      1.00000
      1260.00      1.00000
      1261.00      1.00000
      1262.00      1.00000
      1263.00      1.00000
      1264.00      1.00000
      1265.00      1.00000
      1266.00      1.00000
      1267.00      1.00000
      1268.00      1.00000
      1269.00      1.00000
      1270.00      1.00000
      1271.00      1.00000
      1272.00      1.00000
      1273.00      1.00000
      1274.00      1.00000
      1275.00      1.00000
      1276.00      1.00000
      1277.00      1.00000
      1278.00      1.00000
      1279.00      1.00000
      1280.00      1.00000
      1281.00      1.00000
      1282.00      1.00000
      1283.00      1.00000
      1284.00      1.00000
      1285.00      1.00000
      1286.00      1.00000
      1287.00      1.00000
      1288.00      1.00000
      1289.00      1.00000
      1290.00      1.00000
      1291.00      1.00000
      1292.00      1.00000
      1293.00      1.00000
      1294.00      1.00000
      1295.00      1.00000
      1296.00      1.00000
      1297.00      1.00000
      1298.00      1.00000
      1299.00      1.00000
      1300.00      1.00000
      1301.00      1.00000
      1302.00      1.00000
      1303.00      1.00000
      1304.00      1.00000
      1305.00      1.00000
      1306.00      1.00000
      1307.00      1.00000
      1308.00      1.00000
      1309.00      1.00000
      1310.00      1.00000
      1311.00      1.00000
      1312.00      1.00000
      1313.00      1.00000
      1314.00      1.00000
      1315.00      1.00000
      1316.00      1.00000
      1317.00      1.00000
      1318.00      1.00000
      1319.00      1.00000
      1320.00      1.00000
      1321.00      1.00000
      1322.00      1.00000
      1323.00      1.00000
      1324.00      1.00000
      1325.00      1.00000
      1326.00      1.00000
      1327.00      1.00000
      1328.00      1.00000
      1329.00      1.00000
      1330.00      1.00000
      1331.00      1.00000
      1332.00      1.00000
      1333.00      1.00000
      1334.00      1.00000
      1335.00      1.00000
      1336.00      1.00000
      1337.00      1.00000
      1338.00      1.00000
      1339.00      1.00000
      1340.00      1.00000
      1341.00      1.00000
      1342.00      1.00000
      1343.00      1.00000
      1344.00      1.00000
      1345.00      1.00000
      1346.00      1.00000
      1347.00      1.00000
      1348.00      1.00000
      1349.00      1.00000
      1350.00      1.00000
      1351.00      1.00000
      1352.00      1.00000
      1353.00      1.00000
      1354.00      1.00000
      1355.00      1.00000
      1356.00      1.00000
      1357.00      1.00000
      1358.00      1.00000
      1359.00      1.00000
      1360.00      1.00000
      1361.00      1.00000
      1362.00      1.00000
      1363.00      1.00000
      1364.00      1.00000
      1365.00      1.00000
      1366.00      1.00000
      1367.00      1.00000
      1368.00      1.00000
      1369.00      1.00000
      1370.00      1.00000
      1371.00      1.00000
      1372.00      1.00000
      1373.00      1.00000
      1374.00      1.00000
      1375.00      1.00000
      1376.00      1.00000
      1377.00      1.00000
      1378.00      1.00000
      1379.00      1.00000
      1380.00      1.00000
      1381.00      1.00000
      1382.00      1.00000
      1383.00      1.00000
      1384.00      1.00000
      1385.00      1.00000
      1386.00      1.00000
      1387.00      1.00000
      1388.00      1.00000
      1389.00      1.00000
      1390.00      1.00000
      1391.00      1.00000
      1392.00      1.00000
      1393.00      1.00000
      1394.00      1.00000
      1395.00      1.00000
      1396.00      1.00000
      1397.00      1.00000
      1398.00      1.00000
      1399.00      1.00000
      1400.00      1.00000
      1401.00      1.00000
      1402.00      1.00000
      1403.00      1.00000
      1404.00      1.00000
      1405.00      1.00000
      1406.00      1.00000
      1407.00      1.00000
      1408.00      1.00000
      1409.00      1.00000
      1410.00      1.00000
      1411.00      1.00000
      1412.00      1.00000
      1413.00      1.00000
      1414.00      1.00000
      1415.00      1.00000
      1416.00      1.00000
      1417.00      1.00000
      1418.00      1.00000
      1419.00      1.00000
      1420.00      1.00000
      1421.00      1.00000
      1422.00      1.00000
      1423.00      1.00000
      1424.00      1.00000
      1425.00      1.00000
      1426.00      1.00000
      1427.00      1.00000
      1428.00      1.00000
      1429.00      1.00000
      1430.00      1.00000
      1431.00      1.00000
      1432.00      1.00000
      1433.00      1.00000
      1434.00      1.00000
      1435.00      1.00000
      1436.00      1.00000
      1437.00      1.00000
      1438.00      1.00000
      1439.00      1.00000
      1440.00      1.00000
      1441.00      1.00000
      1442.00      1.00000
      1443.00      1.00000
      1444.00      1.00000
      1445.00      1.00000
      1446.00      1.00000
      1447.00      1.00000
      1448.00      1.00000
      1449.00      1.00000
      1450.00      1.00000
      1451.00      1.00000
      1452.00      1.00000
      1453.00      1.00000
      1454.00      1.00000
      1455.00      1.00000
      1456.00      1.00000
      1457.00      1.00000
      1458.00      1.00000
      1459.00      1.00000
      1460.00      1.00000
      1461.00      1.00000
      1462.00      1.00000
      1463.00      0.00000
      1464.00      0.00000
      1465.00      0.00000
      1466.00      0.00000
      1467.00      0.00000
      1468.00      0.00000
      1469.00      0.00000
      1470.00      0.00000
      1471.00      0.00000
      1472.00      0.00000
      1473.00      0.00000
      1474.00      0.00000
      1475.00      0.00000
      1476.00      0.00000
      1477.00      0.00000
      1478.00      0.00000
      1479.00      0.00000
      1480.00      0.00000
      1481.00      0.00000
      1482.00      0.00000
      1483.00      0.00000
      1484.00      0.00000
      1485.00      0.00000
      1486.00      0.00000
      1487.00      0.00000
      1488.00      0.00000
      1489.00      0.00000
      1490.00      0.00000
      1491.00      0.00000
      1492.00      0.00000
      1493.00      0.00000
      1494.00      0.00000
      1495.00      0.00000
      1496.00      0.00000
      1497.00      0.00000
      1498.00      0.00000
      1499.00      0.00000
      1500.00      0.00000
      1501.00      0.00000
      1502.00      0.00000
      1503.00      0.00000
      1504.00      0.00000
      1505.00      0.00000
      1506.00      0.00000
      1507.00      0.00000
      1508.00      0.00000
      1509.00      0.00000
      1510.00      0.00000
      1511.00      0.00000
      1512.00      0.00000
      1513.00      0.00000
      1514.00      0.00000
      1515.00      0.00000
      1516.00      0.00000
      1517.00      0.00000
      1518.00      0.00000
      1519.00      0.00000
      1520.00      0.00000
      1521.00      0.00000
      1522.00      0.00000
      1523.00      0.00000
      1524.00      0.00000
      1525.00      0.00000
      1526.00      0.00000
      1527.00      0.00000
      1528.00      0.00000
      1529.00      0.00000
      1530.00      0.00000
      1531.00      0.00000
      1532.00      0.00000
      1533.00      0.00000
      1534.00      0.00000
      1535.00      0.00000
      1536.00      0.00000
      1537.00      0.00000
      1538.00      0.00000
      1539.00      0.00000
      1540.00      0.00000
      1541.00      0.00000
      1542.00      0.00000
      1543.00      0.00000
      1544.00      0.00000
      1545.00      0.00000
      1546.00      0.00000
      1547.00      0.00000
      1548.00      0.00000
      1549.00      0.00000
      1550.00      0.00000
      1551.00      0.00000
      1552.00      0.00000
      1553.00      0.00000
      1554.00      0.00000
      1555.00      0.00000
      1556.00      0.00000
      1557.00      0.00000
      1558.00      0.00000
      1559.00      0.00000
      1560.00      0.00000
      1561.00      0.00000
      1562.00      0.00000
      1563.00      0.00000
      1564.00      0.00000
      1565.00      0.00000
      1566.00      0.00000
      1567.00      0.00000
      1568.00      0.00000
      1569.00      0.00000
      1570.00      0.00000
      1571.00      0.00000
      1572.00      0.00000
      1573.00      0.00000
      1574.00      0.00000
      1575.00      0.00000
      1576.00      0.00000
      1577.00      0.00000
      1578.00      0.00000
      1579.00      0.00000
      1580.00      0.00000
      1581.00      0.00000
      1582.00      0.00000
      1583.00      0.00000
      1584.00      0.00000
      1585.00      0.00000
      1586.00      0.00000
      1587.00      0.00000
      1588.00      0.00000
      1589.00      0.00000
      1590.00      0.00000
      1591.00      0.00000
      1592.00      0.00000
      1593.00      0.00000
      1594.00      0.00000
      1595.00      0.00000
      1596.00      0.00000
