      1435.00      0.00000
      1436.00      0.00000
      1437.00      0.00000
      1438.00      0.00000
      1439.00      0.00000
      1440.00      0.00000
      1441.00      0.00000
      1442.00      0.00000
      1443.00      0.00000
      1444.00      0.00000
      1445.00      0.00000
      1446.00      0.00000
      1447.00      0.00000
      1448.00      0.00000
      1449.00      0.00000
      1450.00      0.00000
      1451.00      0.00000
      1452.00      0.00000
      1453.00      0.00000
      1454.00      0.00000
      1455.00      0.00000
      1456.00      0.00000
      1457.00      0.00000
      1458.00      0.00000
      1459.00      0.00000
      1460.00      0.00000
      1461.00      0.00000
      1462.00      0.00000
      1463.00      0.00000
      1464.00      0.00000
      1465.00      0.00000
      1466.00      0.00000
      1467.00      0.00000
      1468.00      0.00000
      1469.00      0.00000
      1470.00      0.00000
      1471.00      0.00000
      1472.00      0.00000
      1473.00      0.00000
      1474.00      0.00000
      1475.00      0.00000
      1476.00      0.00000
      1477.00      0.00000
      1478.00      0.00000
      1479.00      0.00000
      1480.00      0.00000
      1481.00      0.00000
      1482.00      0.00000
      1483.00      0.00000
      1484.00      0.00000
      1485.00      0.00000
      1486.00      0.00000
      1487.00      0.00000
      1488.00      0.00000
      1489.00      0.00000
      1490.00      0.00000
      1491.00      0.00000
      1492.00      0.00000
      1493.00      0.00000
      1494.00      0.00000
      1495.00      0.00000
      1496.00      0.00000
      1497.00      0.00000
      1498.00      0.00000
      1499.00      0.00000
      1500.00      0.00000
      1501.00      0.00000
      1502.00      0.00000
      1503.00      0.00000
      1504.00      0.00000
      1505.00      0.00000
      1506.00      0.00000
      1507.00      0.00000
      1508.00      0.00000
      1509.00      0.00000
      1510.00      0.00000
      1511.00      0.00000
      1512.00      0.00000
      1513.00      0.00000
      1514.00      0.00000
      1515.00      0.00000
      1516.00      0.00000
      1517.00      0.00000
      1518.00      0.00000
      1519.00      0.00000
      1520.00      0.00000
      1521.00      0.00000
      1522.00      0.00000
      1523.00      0.00000
      1524.00      0.00000
      1525.00      0.00000
      1526.00      0.00000
      1527.00      0.00000
      1528.00      0.00000
      1529.00      0.00000
      1530.00      0.00000
      1531.00      0.00000
      1532.00      0.00000
      1533.00      0.00000
      1534.00      0.00000
      1535.00      0.00000
      1536.00      0.00000
      1537.00      0.00000
      1538.00      0.00000
      1539.00      0.00000
      1540.00      0.00000
      1541.00      0.00000
      1542.00      0.00000
      1543.00      0.00000
      1544.00      0.00000
      1545.00      0.00000
      1546.00      0.00000
      1547.00      0.00000
      1548.00      0.00000
      1549.00      0.00000
      1550.00      0.00000
      1551.00      0.00000
      1552.00      0.00000
      1553.00      0.00000
      1554.00      0.00000
      1555.00      0.00000
      1556.00      0.00000
      1557.00      0.00000
      1558.00      0.00000
      1559.00      0.00000
      1560.00      0.00000
      1561.00      0.00000
      1562.00      0.00000
      1563.00      0.00000
      1564.00      0.00000
      1565.00      0.00000
      1566.00      0.00000
      1567.00      0.00000
      1568.00      0.00000
      1569.00      0.00000
      1570.00      0.00000
      1571.00      0.00000
      1572.00      0.00000
      1573.00      0.00000
      1574.00      0.00000
      1575.00      0.00000
      1576.00      0.00000
      1577.00      0.00000
      1578.00      0.00000
      1579.00      0.00000
      1580.00      0.00000
      1581.00      0.00000
      1582.00      0.00000
      1583.00      0.00000
      1584.00      0.00000
      1585.00      0.00000
      1586.00      0.00000
      1587.00      0.00000
      1588.00      0.00000
      1589.00      0.00000
      1590.00      0.00000
      1591.00      0.00000
      1592.00      0.00000
      1593.00      0.00000
      1594.00      0.00000
      1595.00      0.00000
      1596.00      0.00000
      1597.00      0.00000
      1598.00      0.00000
      1599.00      0.00000
      1600.00      0.00000
      1601.00      0.00000
      1602.00      0.00000
      1603.00      0.00000
      1604.00      0.00000
      1605.00      0.00000
      1606.00      0.00000
      1607.00      0.00000
      1608.00      0.00000
      1609.00      0.00000
      1610.00      0.00000
      1611.00      0.00000
      1612.00      0.00000
      1613.00      0.00000
      1614.00      0.00000
      1615.00      0.00000
      1616.00      0.00000
      1617.00      0.00000
      1618.00      0.00000
      1619.00      0.00000
      1620.00      0.00000
      1621.00      0.00000
      1622.00      0.00000
      1623.00      0.00000
      1624.00      0.00000
      1625.00      0.00000
      1626.00      0.00000
      1627.00      0.00000
      1628.00      0.00000
      1629.00      0.00000
      1630.00      0.00000
      1631.00      0.00000
      1632.00      0.00000
      1633.00      0.00000
      1634.00      0.00000
      1635.00      0.00000
      1636.00      0.00000
      1637.00      0.00000
      1638.00      0.00000
      1639.00      0.00000
      1640.00      0.00000
      1641.00      0.00000
      1642.00      0.00000
      1643.00      0.00000
      1644.00      0.00000
      1645.00      0.00000
      1646.00      0.00000
      1647.00      0.00000
      1648.00      0.00000
      1649.00      0.00000
      1650.00      0.00000
      1651.00      0.00000
      1652.00      0.00000
      1653.00      0.00000
      1654.00      0.00000
      1655.00      0.00000
      1656.00      0.00000
      1657.00      0.00000
      1658.00      0.00000
      1659.00      0.00000
      1660.00      0.00000
      1661.00      0.00000
      1662.00      0.00000
      1663.00      0.00000
      1664.00      0.00000
      1665.00      0.00000
      1666.00      0.00000
      1667.00      0.00000
      1668.00      0.00000
      1669.00      0.00000
      1670.00      0.00000
      1671.00      0.00000
      1672.00      0.00000
      1673.00      0.00000
      1674.00      0.00000
      1675.00      0.00000
      1676.00      0.00000
      1677.00      0.00000
      1678.00      0.00000
      1679.00      0.00000
      1680.00      0.00000
      1681.00      0.00000
      1682.00      0.00000
      1683.00      0.00000
      1684.00      0.00000
      1685.00      0.00000
      1686.00      0.00000
      1687.00      0.00000
      1688.00      0.00000
      1689.00      0.00000
      1690.00      0.00000
      1691.00      0.00000
      1692.00      0.00000
      1693.00      0.00000
      1694.00      0.00000
      1695.00      0.00000
      1696.00      0.00000
      1697.00      0.00000
      1698.00      0.00000
      1699.00      0.00000
      1700.00      0.00000
      1701.00      0.00000
      1702.00      0.00000
      1703.00      0.00000
      1704.00      0.00000
      1705.00      0.00000
      1706.00      0.00000
      1707.00      0.00000
      1708.00      0.00000
      1709.00      0.00000
      1710.00      0.00000
      1711.00      0.00000
      1712.00      0.00000
      1713.00      0.00000
      1714.00      0.00000
      1715.00      0.00000
      1716.00      0.00000
      1717.00      0.00000
      1718.00      0.00000
      1719.00      0.00000
      1720.00      0.00000
      1721.00      0.00000
      1722.00      0.00000
      1723.00      0.00000
      1724.00      0.00000
      1725.00      0.00000
      1726.00      0.00000
      1727.00      0.00000
      1728.00      0.00000
      1729.00      0.00000
      1730.00      0.00000
      1731.00      0.00000
      1732.00      0.00000
      1733.00      0.00000
      1734.00      0.00000
      1735.00      0.00000
      1736.00      0.00000
      1737.00      0.00000
      1738.00      0.00000
      1739.00      0.00000
      1740.00      0.00000
      1741.00      0.00000
      1742.00      0.00000
      1743.00      1.00000
      1744.00      1.00000
      1745.00      1.00000
      1746.00      1.00000
      1747.00      1.00000
      1748.00      1.00000
      1749.00      1.00000
      1750.00      1.00000
      1751.00      1.00000
      1752.00      1.00000
      1753.00      1.00000
      1754.00      1.00000
      1755.00      1.00000
      1756.00      1.00000
      1757.00      1.00000
      1758.00      1.00000
      1759.00      1.00000
      1760.00      1.00000
      1761.00      1.00000
      1762.00      1.00000
      1763.00      1.00000
      1764.00      1.00000
      1765.00      1.00000
      1766.00      1.00000
      1767.00      1.00000
      1768.00      1.00000
      1769.00      1.00000
      1770.00      1.00000
      1771.00      1.00000
      1772.00      1.00000
      1773.00      1.00000
      1774.00      1.00000
      1775.00      1.00000
      1776.00      1.00000
      1777.00      1.00000
      1778.00      1.00000
      1779.00      1.00000
      1780.00      1.00000
      1781.00      1.00000
      1782.00      1.00000
      1783.00      1.00000
      1784.00      1.00000
      1785.00      1.00000
      1786.00      1.00000
      1787.00      1.00000
      1788.00      1.00000
      1789.00      1.00000
      1790.00      1.00000
      1791.00      1.00000
      1792.00      1.00000
      1793.00      1.00000
      1794.00      1.00000
      1795.00      1.00000
      1796.00      1.00000
      1797.00      1.00000
      1798.00      1.00000
      1799.00      1.00000
      1800.00      1.00000
      1801.00      1.00000
      1802.00      1.00000
      1803.00      1.00000
      1804.00      1.00000
      1805.00      1.00000
      1806.00      1.00000
      1807.00      1.00000
      1808.00      1.00000
      1809.00      1.00000
      1810.00      1.00000
      1811.00      1.00000
      1812.00      1.00000
      1813.00      1.00000
      1814.00      1.00000
      1815.00      1.00000
      1816.00      1.00000
      1817.00      1.00000
      1818.00      1.00000
      1819.00      1.00000
      1820.00      1.00000
      1821.00      1.00000
      1822.00      1.00000
      1823.00      1.00000
      1824.00      1.00000
      1825.00      1.00000
      1826.00      1.00000
      1827.00      1.00000
      1828.00      1.00000
      1829.00      1.00000
      1830.00      1.00000
      1831.00      1.00000
      1832.00      1.00000
      1833.00      1.00000
      1834.00      1.00000
      1835.00      1.00000
      1836.00      1.00000
      1837.00      1.00000
      1838.00      1.00000
      1839.00      1.00000
      1840.00      1.00000
      1841.00      1.00000
      1842.00      1.00000
      1843.00      1.00000
      1844.00      1.00000
      1845.00      1.00000
      1846.00      1.00000
      1847.00      1.00000
      1848.00      1.00000
      1849.00      1.00000
      1850.00      1.00000
      1851.00      1.00000
      1852.00      1.00000
      1853.00      1.00000
      1854.00      1.00000
      1855.00      1.00000
      1856.00      1.00000
      1857.00      1.00000
      1858.00      1.00000
      1859.00      1.00000
      1860.00      1.00000
      1861.00      1.00000
      1862.00      1.00000
      1863.00      1.00000
      1864.00      1.00000
      1865.00      1.00000
      1866.00      1.00000
      1867.00      1.00000
      1868.00      1.00000
      1869.00      1.00000
      1870.00      1.00000
      1871.00      1.00000
      1872.00      1.00000
      1873.00      1.00000
      1874.00      1.00000
      1875.00      1.00000
      1876.00      1.00000
      1877.00      1.00000
      1878.00      1.00000
      1879.00      1.00000
      1880.00      1.00000
      1881.00      1.00000
      1882.00      1.00000
      1883.00      1.00000
      1884.00      1.00000
      1885.00      1.00000
      1886.00      1.00000
      1887.00      1.00000
      1888.00      1.00000
      1889.00      1.00000
      1890.00      1.00000
      1891.00      1.00000
      1892.00      1.00000
      1893.00      1.00000
      1894.00      1.00000
      1895.00      1.00000
      1896.00      1.00000
      1897.00      1.00000
      1898.00      1.00000
      1899.00      1.00000
      1900.00      1.00000
      1901.00      1.00000
      1902.00      1.00000
      1903.00      1.00000
      1904.00      1.00000
      1905.00      1.00000
      1906.00      1.00000
      1907.00      1.00000
      1908.00      1.00000
      1909.00      1.00000
      1910.00      1.00000
      1911.00      1.00000
      1912.00      1.00000
      1913.00      1.00000
      1914.00      1.00000
      1915.00      1.00000
      1916.00      1.00000
      1917.00      1.00000
      1918.00      1.00000
      1919.00      1.00000
      1920.00      1.00000
      1921.00      1.00000
      1922.00      1.00000
      1923.00      1.00000
      1924.00      1.00000
      1925.00      1.00000
      1926.00      1.00000
      1927.00      1.00000
      1928.00      1.00000
      1929.00      1.00000
      1930.00      1.00000
      1931.00      1.00000
      1932.00      1.00000
      1933.00      1.00000
      1934.00      1.00000
      1935.00      1.00000
      1936.00      1.00000
      1937.00      1.00000
      1938.00      1.00000
      1939.00      1.00000
      1940.00      1.00000
      1941.00      1.00000
      1942.00      1.00000
      1943.00      1.00000
      1944.00      1.00000
      1945.00      1.00000
      1946.00      1.00000
      1947.00      1.00000
      1948.00      1.00000
      1949.00      1.00000
      1950.00      1.00000
      1951.00      1.00000
      1952.00      1.00000
      1953.00      1.00000
      1954.00      1.00000
      1955.00      1.00000
      1956.00      1.00000
      1957.00      1.00000
      1958.00      1.00000
      1959.00      1.00000
      1960.00      1.00000
      1961.00      1.00000
      1962.00      1.00000
      1963.00      1.00000
      1964.00      1.00000
      1965.00      1.00000
      1966.00      1.00000
      1967.00      1.00000
      1968.00      1.00000
      1969.00      1.00000
      1970.00      1.00000
      1971.00      1.00000
      1972.00      1.00000
      1973.00      1.00000
      1974.00      1.00000
      1975.00      1.00000
      1976.00      1.00000
      1977.00      1.00000
      1978.00      1.00000
      1979.00      1.00000
      1980.00      1.00000
      1981.00      1.00000
      1982.00      1.00000
      1983.00      1.00000
      1984.00      1.00000
      1985.00      1.00000
      1986.00      1.00000
      1987.00      1.00000
      1988.00      1.00000
      1989.00      1.00000
      1990.00      1.00000
      1991.00      1.00000
      1992.00      1.00000
      1993.00      1.00000
      1994.00      1.00000
      1995.00      1.00000
      1996.00      1.00000
      1997.00      1.00000
      1998.00      1.00000
      1999.00      1.00000
      2000.00      1.00000
      2001.00      1.00000
      2002.00      1.00000
      2003.00      1.00000
      2004.00      1.00000
      2005.00      1.00000
      2006.00      1.00000
      2007.00      1.00000
      2008.00      1.00000
      2009.00      1.00000
      2010.00      1.00000
      2011.00      1.00000
      2012.00      1.00000
      2013.00      1.00000
      2014.00      1.00000
      2015.00      1.00000
      2016.00      1.00000
      2017.00      1.00000
      2018.00      1.00000
      2019.00      1.00000
      2020.00      1.00000
      2021.00      1.00000
      2022.00      1.00000
      2023.00      1.00000
      2024.00      1.00000
      2025.00      1.00000
      2026.00      1.00000
      2027.00      1.00000
      2028.00      1.00000
      2029.00      1.00000
      2030.00      1.00000
      2031.00      1.00000
      2032.00      1.00000
      2033.00      1.00000
      2034.00      1.00000
      2035.00      1.00000
      2036.00      1.00000
      2037.00      1.00000
      2038.00      1.00000
      2039.00      1.00000
      2040.00      1.00000
      2041.00      1.00000
      2042.00      1.00000
      2043.00      1.00000
      2044.00      1.00000
      2045.00      1.00000
      2046.00      1.00000
      2047.00      1.00000
      2048.00      1.00000
      2049.00      1.00000
      2050.00      1.00000
      2051.00      1.00000
      2052.00      1.00000
      2053.00      1.00000
      2054.00      1.00000
      2055.00      1.00000
      2056.00      1.00000
      2057.00      1.00000
      2058.00      1.00000
      2059.00      1.00000
      2060.00      1.00000
      2061.00      1.00000
      2062.00      1.00000
      2063.00      1.00000
      2064.00      1.00000
      2065.00      1.00000
      2066.00      1.00000
      2067.00      1.00000
      2068.00      1.00000
      2069.00      1.00000
      2070.00      1.00000
      2071.00      1.00000
      2072.00      1.00000
      2073.00      1.00000
      2074.00      1.00000
      2075.00      1.00000
      2076.00      1.00000
      2077.00      1.00000
      2078.00      1.00000
      2079.00      1.00000
      2080.00      1.00000
      2081.00      1.00000
      2082.00      1.00000
      2083.00      1.00000
      2084.00      1.00000
      2085.00      1.00000
      2086.00      1.00000
      2087.00      1.00000
      2088.00      1.00000
      2089.00      1.00000
      2090.00      1.00000
      2091.00      1.00000
      2092.00      1.00000
      2093.00      1.00000
      2094.00      1.00000
      2095.00      1.00000
      2096.00      1.00000
      2097.00      1.00000
      2098.00      1.00000
      2099.00      1.00000
      2100.00      1.00000
      2101.00      1.00000
      2102.00      1.00000
      2103.00      1.00000
      2104.00      1.00000
      2105.00      1.00000
      2106.00      1.00000
      2107.00      1.00000
      2108.00      1.00000
      2109.00      1.00000
      2110.00      1.00000
      2111.00      1.00000
      2112.00      1.00000
      2113.00      1.00000
      2114.00      1.00000
      2115.00      1.00000
      2116.00      1.00000
      2117.00      1.00000
      2118.00      1.00000
      2119.00      1.00000
      2120.00      1.00000
      2121.00      1.00000
      2122.00      1.00000
      2123.00      1.00000
      2124.00      1.00000
      2125.00      1.00000
      2126.00      1.00000
      2127.00      1.00000
      2128.00      1.00000
      2129.00      1.00000
      2130.00      1.00000
      2131.00      1.00000
      2132.00      1.00000
      2133.00      1.00000
      2134.00      1.00000
      2135.00      1.00000
      2136.00      1.00000
      2137.00      1.00000
      2138.00      1.00000
      2139.00      1.00000
      2140.00      1.00000
      2141.00      1.00000
      2142.00      1.00000
      2143.00      1.00000
      2144.00      1.00000
      2145.00      1.00000
      2146.00      1.00000
      2147.00      1.00000
      2148.00      1.00000
      2149.00      1.00000
      2150.00      1.00000
      2151.00      1.00000
      2152.00      1.00000
      2153.00      1.00000
      2154.00      1.00000
      2155.00      1.00000
      2156.00      1.00000
      2157.00      1.00000
      2158.00      1.00000
      2159.00      1.00000
      2160.00      1.00000
      2161.00      1.00000
      2162.00      1.00000
      2163.00      1.00000
      2164.00      1.00000
      2165.00      1.00000
      2166.00      1.00000
      2167.00      1.00000
      2168.00      1.00000
      2169.00      1.00000
      2170.00      1.00000
      2171.00      1.00000
      2172.00      1.00000
      2173.00      1.00000
      2174.00      1.00000
      2175.00      1.00000
      2176.00      1.00000
      2177.00      1.00000
      2178.00      1.00000
      2179.00      1.00000
      2180.00      1.00000
      2181.00      1.00000
      2182.00      1.00000
      2183.00      1.00000
      2184.00      1.00000
      2185.00      1.00000
      2186.00      1.00000
      2187.00      1.00000
      2188.00      1.00000
      2189.00      1.00000
      2190.00      1.00000
      2191.00      1.00000
      2192.00      1.00000
      2193.00      1.00000
      2194.00      1.00000
      2195.00      1.00000
      2196.00      1.00000
      2197.00      1.00000
      2198.00      1.00000
      2199.00      1.00000
      2200.00      1.00000
      2201.00      1.00000
      2202.00      1.00000
      2203.00      1.00000
      2204.00      1.00000
      2205.00      1.00000
      2206.00      1.00000
      2207.00      1.00000
      2208.00      1.00000
      2209.00      1.00000
      2210.00      1.00000
      2211.00      1.00000
      2212.00      1.00000
      2213.00      1.00000
      2214.00      1.00000
      2215.00      1.00000
      2216.00      1.00000
      2217.00      1.00000
      2218.00      1.00000
      2219.00      1.00000
      2220.00      1.00000
      2221.00      1.00000
      2222.00      1.00000
      2223.00      1.00000
      2224.00      1.00000
      2225.00      1.00000
      2226.00      1.00000
      2227.00      1.00000
      2228.00      1.00000
      2229.00      1.00000
      2230.00      1.00000
      2231.00      1.00000
      2232.00      1.00000
      2233.00      1.00000
      2234.00      1.00000
      2235.00      1.00000
      2236.00      1.00000
      2237.00      1.00000
      2238.00      1.00000
      2239.00      1.00000
      2240.00      1.00000
      2241.00      1.00000
      2242.00      1.00000
      2243.00      1.00000
      2244.00      1.00000
      2245.00      1.00000
      2246.00      1.00000
      2247.00      1.00000
      2248.00      1.00000
      2249.00      1.00000
      2250.00      1.00000
      2251.00      1.00000
      2252.00      1.00000
      2253.00      1.00000
      2254.00      1.00000
      2255.00      1.00000
      2256.00      1.00000
      2257.00      1.00000
      2258.00      1.00000
      2259.00      1.00000
      2260.00      1.00000
      2261.00      1.00000
      2262.00      1.00000
      2263.00      1.00000
      2264.00      1.00000
      2265.00      1.00000
      2266.00      1.00000
      2267.00      1.00000
      2268.00      1.00000
      2269.00      1.00000
      2270.00      1.00000
      2271.00      1.00000
      2272.00      1.00000
      2273.00      1.00000
      2274.00      1.00000
      2275.00      1.00000
      2276.00      1.00000
      2277.00      1.00000
      2278.00      1.00000
      2279.00      1.00000
      2280.00      1.00000
      2281.00      1.00000
      2282.00      1.00000
      2283.00      1.00000
      2284.00      1.00000
      2285.00      1.00000
      2286.00      1.00000
      2287.00      1.00000
      2288.00      1.00000
      2289.00      1.00000
      2290.00      1.00000
      2291.00      1.00000
      2292.00      1.00000
      2293.00      1.00000
      2294.00      1.00000
      2295.00      1.00000
      2296.00      1.00000
      2297.00      1.00000
      2298.00      1.00000
      2299.00      1.00000
      2300.00      1.00000
      2301.00      1.00000
      2302.00      1.00000
      2303.00      1.00000
      2304.00      1.00000
      2305.00      1.00000
      2306.00      1.00000
      2307.00      1.00000
      2308.00      1.00000
      2309.00      1.00000
      2310.00      1.00000
      2311.00      1.00000
      2312.00      1.00000
      2313.00      1.00000
      2314.00      1.00000
      2315.00      1.00000
      2316.00      1.00000
      2317.00      1.00000
      2318.00      1.00000
      2319.00      1.00000
      2320.00      1.00000
      2321.00      1.00000
      2322.00      1.00000
      2323.00      1.00000
      2324.00      1.00000
      2325.00      1.00000
      2326.00      1.00000
      2327.00      1.00000
      2328.00      1.00000
      2329.00      1.00000
      2330.00      1.00000
      2331.00      1.00000
      2332.00      1.00000
      2333.00      1.00000
      2334.00      1.00000
      2335.00      1.00000
      2336.00      1.00000
      2337.00      1.00000
      2338.00      1.00000
      2339.00      1.00000
      2340.00      1.00000
      2341.00      1.00000
      2342.00      1.00000
      2343.00      1.00000
      2344.00      1.00000
      2345.00      1.00000
      2346.00      1.00000
      2347.00      1.00000
      2348.00      1.00000
      2349.00      1.00000
      2350.00      1.00000
      2351.00      1.00000
      2352.00      1.00000
      2353.00      1.00000
      2354.00      1.00000
      2355.00      1.00000
      2356.00      1.00000
      2357.00      1.00000
      2358.00      0.00000
      2359.00      0.00000
      2360.00      0.00000
      2361.00      0.00000
      2362.00      0.00000
      2363.00      0.00000
      2364.00      0.00000
      2365.00      0.00000
      2366.00      0.00000
      2367.00      0.00000
      2368.00      0.00000
      2369.00      0.00000
      2370.00      0.00000
      2371.00      0.00000
      2372.00      0.00000
      2373.00      0.00000
      2374.00      0.00000
      2375.00      0.00000
      2376.00      0.00000
      2377.00      0.00000
      2378.00      0.00000
      2379.00      0.00000
      2380.00      0.00000
      2381.00      0.00000
      2382.00      0.00000
      2383.00      0.00000
      2384.00      0.00000
      2385.00      0.00000
      2386.00      0.00000
      2387.00      0.00000
      2388.00      0.00000
      2389.00      0.00000
      2390.00      0.00000
      2391.00      0.00000
      2392.00      0.00000
      2393.00      0.00000
      2394.00      0.00000
      2395.00      0.00000
      2396.00      0.00000
      2397.00      0.00000
      2398.00      0.00000
      2399.00      0.00000
      2400.00      0.00000
      2401.00      0.00000
      2402.00      0.00000
      2403.00      0.00000
      2404.00      0.00000
      2405.00      0.00000
      2406.00      0.00000
      2407.00      0.00000
      2408.00      0.00000
      2409.00      0.00000
      2410.00      0.00000
      2411.00      0.00000
      2412.00      0.00000
      2413.00      0.00000
      2414.00      0.00000
      2415.00      0.00000
      2416.00      0.00000
      2417.00      0.00000
      2418.00      0.00000
      2419.00      0.00000
      2420.00      0.00000
      2421.00      0.00000
      2422.00      0.00000
      2423.00      0.00000
      2424.00      0.00000
      2425.00      0.00000
      2426.00      0.00000
      2427.00      0.00000
      2428.00      0.00000
      2429.00      0.00000
      2430.00      0.00000
      2431.00      0.00000
      2432.00      0.00000
      2433.00      0.00000
      2434.00      0.00000
      2435.00      0.00000
      2436.00      0.00000
      2437.00      0.00000
      2438.00      0.00000
      2439.00      0.00000
      2440.00      0.00000
      2441.00      0.00000
      2442.00      0.00000
      2443.00      0.00000
      2444.00      0.00000
      2445.00      0.00000
      2446.00      0.00000
      2447.00      0.00000
      2448.00      0.00000
      2449.00      0.00000
      2450.00      0.00000
      2451.00      0.00000
      2452.00      0.00000
      2453.00      0.00000
      2454.00      0.00000
      2455.00      0.00000
      2456.00      0.00000
      2457.00      0.00000
      2458.00      0.00000
      2459.00      0.00000
      2460.00      0.00000
      2461.00      0.00000
      2462.00      0.00000
      2463.00      0.00000
      2464.00      0.00000
      2465.00      0.00000
      2466.00      0.00000
      2467.00      0.00000
      2468.00      0.00000
      2469.00      0.00000
      2470.00      0.00000
      2471.00      0.00000
      2472.00      0.00000
      2473.00      0.00000
      2474.00      0.00000
      2475.00      0.00000
      2476.00      0.00000
      2477.00      0.00000
      2478.00      0.00000
      2479.00      0.00000
      2480.00      0.00000
      2481.00      0.00000
      2482.00      0.00000
      2483.00      0.00000
      2484.00      0.00000
      2485.00      0.00000
      2486.00      0.00000
      2487.00      0.00000
      2488.00      0.00000
      2489.00      0.00000
      2490.00      0.00000
      2491.00      0.00000
      2492.00      0.00000
      2493.00      0.00000
      2494.00      0.00000
      2495.00      0.00000
      2496.00      0.00000
      2497.00      0.00000
      2498.00      0.00000
      2499.00      0.00000
      2500.00      0.00000
      2501.00      0.00000
      2502.00      0.00000
      2503.00      0.00000
      2504.00      0.00000
      2505.00      0.00000
      2506.00      0.00000
      2507.00      0.00000
      2508.00      0.00000
      2509.00      0.00000
      2510.00      0.00000
      2511.00      0.00000
      2512.00      0.00000
      2513.00      0.00000
      2514.00      0.00000
      2515.00      0.00000
      2516.00      0.00000
      2517.00      0.00000
      2518.00      0.00000
      2519.00      0.00000
      2520.00      0.00000
      2521.00      0.00000
      2522.00      0.00000
      2523.00      0.00000
      2524.00      0.00000
      2525.00      0.00000
      2526.00      0.00000
      2527.00      0.00000
      2528.00      0.00000
      2529.00      0.00000
      2530.00      0.00000
      2531.00      0.00000
      2532.00      0.00000
      2533.00      0.00000
      2534.00      0.00000
      2535.00      0.00000
      2536.00      0.00000
      2537.00      0.00000
      2538.00      0.00000
      2539.00      0.00000
      2540.00      0.00000
      2541.00      0.00000
      2542.00      0.00000
      2543.00      0.00000
      2544.00      0.00000
      2545.00      0.00000
      2546.00      0.00000
      2547.00      0.00000
      2548.00      0.00000
      2549.00      0.00000
      2550.00      0.00000
      2551.00      0.00000
      2552.00      0.00000
      2553.00      0.00000
      2554.00      0.00000
      2555.00      0.00000
      2556.00      0.00000
      2557.00      0.00000
      2558.00      0.00000
      2559.00      0.00000
      2560.00      0.00000
      2561.00      0.00000
      2562.00      0.00000
      2563.00      0.00000
      2564.00      0.00000
      2565.00      0.00000
      2566.00      0.00000
      2567.00      0.00000
      2568.00      0.00000
      2569.00      0.00000
      2570.00      0.00000
      2571.00      0.00000
      2572.00      0.00000
      2573.00      0.00000
      2574.00      0.00000
      2575.00      0.00000
      2576.00      0.00000
      2577.00      0.00000
      2578.00      0.00000
      2579.00      0.00000
      2580.00      0.00000
      2581.00      0.00000
      2582.00      0.00000
      2583.00      0.00000
      2584.00      0.00000
      2585.00      0.00000
      2586.00      0.00000
      2587.00      0.00000
      2588.00      0.00000
      2589.00      0.00000
      2590.00      0.00000
      2591.00      0.00000
      2592.00      0.00000
      2593.00      0.00000
      2594.00      0.00000
      2595.00      0.00000
      2596.00      0.00000
      2597.00      0.00000
      2598.00      0.00000
      2599.00      0.00000
      2600.00      0.00000
      2601.00      0.00000
      2602.00      0.00000
      2603.00      0.00000
      2604.00      0.00000
      2605.00      0.00000
      2606.00      0.00000
      2607.00      0.00000
      2608.00      0.00000
      2609.00      0.00000
      2610.00      0.00000
      2611.00      0.00000
      2612.00      0.00000
      2613.00      0.00000
      2614.00      0.00000
      2615.00      0.00000
      2616.00      0.00000
      2617.00      0.00000
      2618.00      0.00000
      2619.00      0.00000
      2620.00      0.00000
      2621.00      0.00000
      2622.00      0.00000
      2623.00      0.00000
      2624.00      0.00000
      2625.00      0.00000
      2626.00      0.00000
      2627.00      0.00000
      2628.00      0.00000
      2629.00      0.00000
      2630.00      0.00000
      2631.00      0.00000
      2632.00      0.00000
      2633.00      0.00000
      2634.00      0.00000
      2635.00      0.00000
      2636.00      0.00000
      2637.00      0.00000
      2638.00      0.00000
      2639.00      0.00000
      2640.00      0.00000
      2641.00      0.00000
      2642.00      0.00000
      2643.00      0.00000
      2644.00      0.00000
      2645.00      0.00000
      2646.00      0.00000
      2647.00      0.00000
      2648.00      0.00000
      2649.00      0.00000
      2650.00      0.00000
      2651.00      0.00000
      2652.00      0.00000
      2653.00      0.00000
      2654.00      0.00000
      2655.00      0.00000
      2656.00      0.00000
      2657.00      0.00000
      2658.00      0.00000
      2659.00      0.00000
      2660.00      0.00000
      2661.00      0.00000
      2662.00      0.00000
      2663.00      0.00000
      2664.00      0.00000
      2665.00      0.00000
