    7.000000    0.000018
    7.020067   -0.000036
    7.040134    0.000033
    7.060201    0.000051
    7.080267    0.000027
    7.100335    0.000044
    7.120401    0.000019
    7.140468    0.000017
    7.160535    0.000012
    7.180602    0.000036
    7.200669    0.000054
    7.220736    0.000038
    7.240803   -0.000011
    7.260870    0.000113
    7.280936    0.000238
    7.301003    0.000426
    7.321070    0.000207
    7.341137    0.000141
    7.361204    0.000022
    7.381271    0.000204
    7.401338    0.000327
    7.421405    0.000469
    7.441472    0.000430
    7.461538    0.000329
    7.481606    0.000176
    7.501672    0.000298
    7.521739   -0.000026
    7.541806    0.000093
    7.561873    0.000030
    7.581940    0.000030
    7.602007    0.000009
    7.622074   -0.000004
    7.642140   -0.000028
    7.662208    0.000047
    7.682274    0.000034
    7.702341    0.000047
    7.722408    0.000150
    7.742475    0.000108
    7.762542    0.000232
    7.782609    0.000166
    7.802676   -0.000011
    7.822742   -0.000013
    7.842809    0.000048
    7.862876   -0.000036
    7.882943    0.000044
    7.903010    0.000257
    7.923077    0.000228
    7.943144    0.000431
    7.963211    0.000855
    7.983278    0.000750
    8.003345    0.000695
    8.023412    0.000592
    8.043478    0.000177
    8.063545    0.000176
    8.083612   -0.000022
    8.103679    0.000094
    8.123746    0.000551
    8.143813    0.000759
    8.163879    0.000421
    8.183947    0.000564
    8.204014    0.000419
    8.224080    0.000234
    8.244147    0.000234
    8.264215    0.000499
    8.284281    0.000320
    8.304348    0.000515
    8.324415    0.000066
    8.344481    0.000594
    8.364549    0.000303
    8.384615    0.000305
    8.404682    0.000464
    8.424749    0.000269
    8.444816    0.000452
    8.464883    0.000623
    8.484950    0.000499
    8.505016    0.000621
    8.525084    0.000544
    8.545151    0.000605
    8.565217    0.000625
    8.585284    0.000555
    8.605351    0.000673
    8.625418    0.000717
    8.645485    0.000814
    8.665552    0.000998
    8.685618    0.001205
    8.705686    0.001564
    8.725753    0.001577
    8.745819    0.002154
    8.765886    0.002385
    8.785954    0.002831
    8.806020    0.003095
    8.826087    0.003988
    8.846154    0.004813
    8.866220    0.005925
    8.886288    0.007350
    8.906355    0.008591
    8.926421    0.009753
    8.946488    0.011397
    8.966556    0.014077
    8.986622    0.018192
    9.006689    0.025549
    9.026756    0.036459
    9.046823    0.054023
    9.066890    0.080734
    9.086957    0.115998
    9.107023    0.162493
    9.127090    0.216048
    9.147158    0.258295
    9.167224    0.284505
    9.187291    0.298741
    9.207358    0.308999
    9.227425    0.316603
    9.247492    0.314086
    9.267559    0.317529
    9.287625    0.329252
    9.307693    0.329193
    9.327759    0.324541
    9.347826    0.321012
    9.367893    0.319284
    9.387959    0.319049
    9.408027    0.323554
    9.428094    0.331575
    9.448160    0.353748
    9.468227    0.367823
    9.488295    0.364722
    9.508361    0.367035
    9.528428    0.371575
    9.548495    0.366867
    9.568562    0.358794
    9.588629    0.350619
    9.608696    0.350710
    9.628762    0.365311
    9.648829    0.374331
    9.668897    0.379175
    9.688963    0.384111
    9.709030    0.384323
    9.729097    0.371239
    9.749164    0.357572
    9.769231    0.353036
    9.789298    0.349430
    9.809364    0.345132
    9.829432    0.347630
    9.849499    0.359765
    9.869565    0.370874
    9.889632    0.380889
    9.909699    0.382684
    9.929766    0.381036
    9.949833    0.369203
    9.969900    0.357173
    9.989966    0.375670
   10.010034    0.388883
   10.030101    0.366257
   10.050167    0.342078
   10.070234    0.335471
   10.090301    0.336678
   10.110368    0.348362
   10.130435    0.359681
   10.150501    0.368474
   10.170568    0.378045
   10.190636    0.390513
   10.210702    0.397998
   10.230769    0.397147
   10.250836    0.389618
   10.270903    0.373426
   10.290970    0.357138
   10.311037    0.345791
   10.331103    0.334677
   10.351171    0.326706
   10.371238    0.322249
   10.391304    0.324897
   10.411371    0.326569
   10.431438    0.325128
   10.451505    0.324703
   10.471572    0.321957
   10.491639    0.327128
   10.511705    0.320334
   10.531773    0.320458
   10.551840    0.333683
   10.571906    0.339970
   10.591973    0.343694
   10.612041    0.348453
   10.632107    0.355417
   10.652174    0.367404
   10.672241    0.371966
   10.692307    0.369007
   10.712375    0.364646
   10.732442    0.359513
   10.752508    0.347227
   10.772575    0.324008
   10.792643    0.292922
   10.812709    0.255989
   10.832776    0.216644
   10.852843    0.180665
   10.872910    0.148197
   10.892977    0.120635
   10.913043    0.098012
   10.933110    0.079412
   10.953177    0.065388
   10.973244    0.054702
   10.993311    0.045886
   11.013378    0.037691
   11.033445    0.031421
   11.053512    0.026058
   11.073579    0.022036
   11.093646    0.018557
   11.113712    0.015471
   11.133780    0.013273
   11.153846    0.011582
   11.173913    0.009475
   11.193980    0.008069
   11.214046    0.006605
   11.234114    0.006012
   11.254181    0.005043
   11.274247    0.004913
   11.294314    0.004340
   11.314382    0.003799
   11.334448    0.003559
   11.354515    0.004002
   11.374582    0.003758
   11.394649    0.003374
   11.414716    0.003035
   11.434783    0.002974
   11.454849    0.003028
   11.474916    0.002411
   11.494984    0.002349
   11.515050    0.002159
   11.535117    0.002134
   11.555184    0.001433
   11.575251    0.001276
   11.595318    0.001105
   11.615385    0.001163
   11.635451    0.000986
   11.655519    0.001550
   11.675586    0.001442
   11.695652    0.001397
   11.715719    0.001425
   11.735786    0.001113
   11.755853    0.000745
   11.775920    0.001106
   11.795987    0.001873
   11.816053    0.001230
   11.836121    0.001016
   11.856188    0.000663
   11.876254    0.000900
   11.896321    0.001430
   11.916389    0.001376
   11.936455    0.000844
   11.956522    0.000647
   11.976588    0.000608
   11.996655    0.000689
   12.016723    0.000516
   12.036789    0.001029
   12.056856    0.000910
   12.076923    0.000723
   12.096990    0.000855
   12.117057    0.001136
   12.137124    0.001500
   12.157190    0.000498
   12.177258    0.000809
   12.197325    0.000906
   12.217391    0.000829
   12.237458    0.000354
   12.257525    0.000412
   12.277592    0.000254
   12.297659    0.000303
   12.317726    0.000161
   12.337792    0.000578
   12.357860    0.000704
   12.377927    0.000430
   12.397993    0.000386
   12.418060    0.000531
   12.438128    0.000511
   12.458194    0.000357
   12.478261    0.000175
   12.498328    0.000018
   12.518394    0.000221
   12.538462    0.000290
   12.558529    0.000347
   12.578595    0.000200
   12.598662    0.000040
   12.618730    0.000629
   12.638796    0.000597
   12.658863    0.000324
   12.678930    0.000638
   12.698997    0.000691
   12.719064    0.000569
   12.739130    0.000666
   12.759197    0.000790
   12.779264    0.000858
   12.799331    0.000873
   12.819398    0.000930
   12.839465    0.000970
   12.859531    0.000945
   12.879599    0.000907
   12.899666    0.000862
   12.919732    0.000780
   12.939799    0.000701
   12.959867    0.000623
   12.979933    0.000631
   13.000000    0.000652
