    2.600000    0.000006
    2.606689   -0.000017
    2.613378   -0.000002
    2.620067    0.000019
    2.626756   -0.000002
    2.633445   -0.000004
    2.640134    0.000002
    2.646823    0.000009
    2.653512    0.000002
    2.660201   -0.000009
    2.666889    0.000006
    2.673579    0.000032
    2.680268    0.000041
    2.686956    0.000051
    2.693645    0.000074
    2.700334    0.000098
    2.707023    0.000091
    2.713712    0.000097
    2.720401    0.000119
    2.727090    0.000109
    2.733779    0.000128
    2.740468    0.000116
    2.747157    0.000135
    2.753846    0.000142
    2.760535    0.000133
    2.767224    0.000135
    2.773913    0.000162
    2.780602    0.000166
    2.787291    0.000171
    2.793980    0.000176
    2.800669    0.000164
    2.807358    0.000177
    2.814047    0.000204
    2.820736    0.000223
    2.827425    0.000262
    2.834114    0.000274
    2.840803    0.000301
    2.847492    0.000332
    2.854181    0.000353
    2.860869    0.000360
    2.867558    0.000387
    2.874247    0.000451
    2.880936    0.000527
    2.887625    0.000682
    2.894314    0.000748
    2.901003    0.000655
    2.907692    0.000619
    2.914381    0.000756
    2.921070    0.000778
    2.927759    0.000847
    2.934448    0.001007
    2.941137    0.001132
    2.947826    0.001326
    2.954515    0.001609
    2.961204    0.001878
    2.967893    0.002308
    2.974582    0.002865
    2.981271    0.003494
    2.987960    0.004507
    2.994649    0.005823
    3.001338    0.007416
    3.008027    0.009433
    3.014716    0.012064
    3.021405    0.015702
    3.028094    0.020550
    3.034782    0.026877
    3.041471    0.034499
    3.048161    0.043645
    3.054849    0.053697
    3.061538    0.064045
    3.068227    0.073956
    3.074916    0.082750
    3.081605    0.090093
    3.088294    0.095470
    3.094983    0.098937
    3.101672    0.102096
    3.108361    0.104059
    3.115050    0.105330
    3.121739    0.106543
    3.128428    0.107372
    3.135117    0.107844
    3.141806    0.108862
    3.148495    0.109988
    3.155184    0.111082
    3.161873    0.111911
    3.168562    0.111745
    3.175251    0.111203
    3.181940    0.111058
    3.188629    0.111418
    3.195318    0.111432
    3.202007    0.110652
    3.208696    0.109823
    3.215384    0.108522
    3.222074    0.109837
    3.228762    0.111332
    3.235451    0.112617
    3.242140    0.111908
    3.248829    0.111783
    3.255518    0.112562
    3.262207    0.114819
    3.268896    0.117353
    3.275585    0.117108
    3.282274    0.116605
    3.288963    0.116658
    3.295652    0.118152
    3.302341    0.119386
    3.309030    0.120358
    3.315719    0.121312
    3.322408    0.122251
    3.329097    0.122160
    3.335786    0.121868
    3.342475    0.121732
    3.349164    0.123141
    3.355853    0.124889
    3.362542    0.124621
    3.369231    0.122176
    3.375920    0.119771
    3.382609    0.121396
    3.389297    0.123875
    3.395987    0.126165
    3.402676    0.125262
    3.409364    0.124347
    3.416054    0.124298
    3.422742    0.125142
    3.429431    0.125933
    3.436120    0.127545
    3.442809    0.129109
    3.449498    0.130530
    3.456187    0.129529
    3.462876    0.128438
    3.469565    0.128409
    3.476254    0.130331
    3.482943    0.132296
    3.489632    0.133453
    3.496321    0.134379
    3.503010    0.134889
    3.509699    0.136461
    3.516388    0.137769
    3.523077    0.138426
    3.529766    0.137473
    3.536455    0.136568
    3.543144    0.135951
    3.549833    0.135646
    3.556522    0.135229
    3.563211    0.135976
    3.569900    0.136769
    3.576589    0.137185
    3.583277    0.137168
    3.589967    0.137433
    3.596655    0.137285
    3.603344    0.136940
    3.610034    0.136750
    3.616722    0.137281
    3.623411    0.137754
    3.630100    0.138753
    3.636789    0.140683
    3.643478    0.142729
    3.650167    0.144026
    3.656856    0.144279
    3.663545    0.144758
    3.670234    0.145053
    3.676923    0.145483
    3.683612    0.145899
    3.690301    0.146960
    3.696990    0.147824
    3.703679    0.149533
    3.710368    0.152282
    3.717057    0.154655
    3.723746    0.154089
    3.730435    0.152794
    3.737124    0.151511
    3.743813    0.153008
    3.750502    0.154571
    3.757191    0.154773
    3.763880    0.152605
    3.770569    0.150934
    3.777257    0.149226
    3.783947    0.147653
    3.790635    0.146154
    3.797324    0.148324
    3.804013    0.150511
    3.810702    0.152466
    3.817391    0.153694
    3.824080    0.155127
    3.830769    0.155899
    3.837458    0.156508
    3.844147    0.156825
    3.850836    0.157194
    3.857525    0.157351
    3.864214    0.157616
    3.870903    0.158656
    3.877592    0.159523
    3.884281    0.160684
    3.890970    0.161332
    3.897659    0.161878
    3.904348    0.163793
    3.911037    0.165748
    3.917726    0.166422
    3.924415    0.165133
    3.931104    0.163507
    3.937793    0.162137
    3.944482    0.160372
    3.951170    0.158913
    3.957860    0.159174
    3.964548    0.160368
    3.971237    0.161496
    3.977926    0.160711
    3.984615    0.160072
    3.991304    0.161526
    3.997993    0.164447
    4.004682    0.164930
    4.011371    0.159825
    4.018060    0.149285
    4.024749    0.133385
    4.031438    0.113408
    4.038127    0.093020
    4.044816    0.073803
    4.051505    0.057301
    4.058194    0.043434
    4.064883    0.032499
    4.071572    0.024424
    4.078261    0.018796
    4.084950    0.014549
    4.091639    0.011387
    4.098328    0.008959
    4.105017    0.006986
    4.111706    0.005693
    4.118394    0.004616
    4.125083    0.003706
    4.131773    0.003075
    4.138462    0.002834
    4.145151    0.002569
    4.151839    0.002215
    4.158528    0.001851
    4.165217    0.001355
    4.171906    0.000945
    4.178595    0.000704
    4.185284    0.000600
    4.191973    0.000709
    4.198662    0.000390
    4.205351    0.000435
    4.212040    0.000401
    4.218729    0.000369
    4.225418    0.000413
    4.232107    0.000323
    4.238796    0.000328
    4.245485    0.000277
    4.252174    0.000269
    4.258863    0.000287
    4.265552    0.000293
    4.272241    0.000263
    4.278930    0.000372
    4.285619    0.000124
    4.292308    0.000292
    4.298996    0.000226
    4.305686    0.000333
    4.312375    0.000313
    4.319064    0.000288
    4.325752    0.000256
    4.332441    0.000404
    4.339130    0.000307
    4.345819    0.000289
    4.352509    0.000292
    4.359197    0.000436
    4.365886    0.000292
    4.372575    0.000384
    4.379264    0.000382
    4.385953    0.000449
    4.392642    0.000378
    4.399331    0.000335
    4.406020    0.000421
    4.412709    0.000299
    4.419398    0.000300
    4.426087    0.000337
    4.432776    0.000400
    4.439465    0.000331
    4.446154    0.000365
    4.452843    0.000305
    4.459532    0.000310
    4.466221    0.000358
    4.472909    0.000290
    4.479599    0.000248
    4.486288    0.000440
    4.492977    0.000248
    4.499666    0.000347
    4.506354    0.000310
    4.513043    0.000287
    4.519732    0.000377
    4.526422    0.000272
    4.533110    0.000294
    4.539799    0.000373
    4.546488    0.000288
    4.553177    0.000327
    4.559866    0.000319
    4.566555    0.000243
    4.573244    0.000340
    4.579933    0.000234
    4.586622    0.000215
    4.593311    0.000272
    4.600000    0.000231
