# z ~ 6.0 median power spectrum for C+
# (0) k (1/Mpc)
# (1) P(k) (Mpc^3 Jy^2 sr^{-2})
8.503642921892219306e-03 7.072069979735036850e+09
2.551092876567665618e-02 4.014373543395305872e+08
4.251821460946109132e-02 2.791133633991756439e+08
5.952550045324553341e-02 2.218136904288784862e+08
7.653278629702997549e-02 1.776747557896412611e+08
9.354007214081441757e-02 1.695730940994614363e+08
1.105473579845988458e-01 1.524530849228986204e+08
1.275546438283832740e-01 1.381232043051168323e+08
1.445619296721677438e-01 1.304820327861566991e+08
1.615692155159521581e-01 1.306751077208674848e+08
1.785765013597366280e-01 1.260407268362780511e+08
1.955837872035210423e-01 1.211059220789068937e+08
2.125910730473054566e-01 1.165126030951842964e+08
2.295983588910899265e-01 1.110296424532067776e+08
2.466056447348743685e-01 1.114521354562751800e+08
2.636129305786588106e-01 1.099314951278518736e+08
2.806202164224432249e-01 1.071056307097983062e+08
2.976275022662276948e-01 1.040012359992819726e+08
3.146347881100121091e-01 1.038196904076420963e+08
3.316420739537965234e-01 1.028926738197840154e+08
3.486493597975809933e-01 1.027504915722107589e+08
3.656566456413654631e-01 1.005692578333145678e+08
3.826639314851498774e-01 1.012493240625736713e+08
3.996712173289342918e-01 9.890689167590498924e+07
4.166785031727187061e-01 9.844586178879681230e+07
4.336857890165031759e-01 9.645843795428517461e+07
4.506930748602876458e-01 9.838701700553849339e+07
4.677003607040720601e-01 9.508195239385171235e+07
4.847076465478564744e-01 9.686321376056481898e+07
5.017149323916409998e-01 9.538342728305214643e+07
5.187222182354254141e-01 9.596405826997339725e+07
5.357295040792098284e-01 9.553539770183995366e+07
5.527367899229942427e-01 9.427170810569164157e+07
5.697440757667786571e-01 9.403904255947805941e+07
5.867513616105630714e-01 9.388417222883366048e+07
6.037586474543475967e-01 9.242019300336751342e+07
6.207659332981320111e-01 9.278394180811607838e+07
6.377732191419164254e-01 9.229715011899870634e+07
6.547805049857009507e-01 9.253634343272154033e+07
6.717877908294853651e-01 9.237667206921067834e+07
6.887950766732697794e-01 9.259182591021215916e+07
7.058023625170541937e-01 9.268330126518845558e+07
7.228096483608386080e-01 9.187035502350722253e+07
7.398169342046230224e-01 9.141898006553718448e+07
7.568242200484075477e-01 9.162142612472063303e+07
7.738315058921919620e-01 9.066829319936051965e+07
7.908387917359763764e-01 9.143405245167174935e+07
8.078460775797607907e-01 9.078845218945774436e+07
8.248533634235453160e-01 9.042080544553127885e+07
8.418606492673297303e-01 9.044058075053617358e+07
8.588679351111141447e-01 9.051210937148460746e+07
8.758752209548985590e-01 9.023187104490280151e+07
8.928825067986829733e-01 8.885414347983360291e+07
9.098897926424674987e-01 8.933114016700184345e+07
9.268970784862519130e-01 8.900369615146872401e+07
9.439043643300363273e-01 8.908661114428853989e+07
9.609116501738207416e-01 8.889218658179563284e+07
9.779189360176052670e-01 8.837436136980721354e+07
9.949262218613896813e-01 8.862444815870873630e+07
1.011933507705174096e+00 8.889294653945139050e+07
1.028940793548958510e+00 8.865853088079778850e+07
1.045948079392743146e+00 8.827340865592734516e+07
1.062955365236527339e+00 8.763902161054131389e+07
1.079962651080311975e+00 8.821011593688109517e+07
1.096969936924096167e+00 8.845117593753799796e+07
1.113977222767880804e+00 8.861360212794509530e+07
1.130984508611664996e+00 8.832004845719131827e+07
1.147991794455449632e+00 8.759484522802899778e+07
1.164999080299234047e+00 8.775722694063991308e+07
1.182006366143018461e+00 8.787595276200830936e+07
1.199013651986803097e+00 8.809050447471496463e+07
1.216020937830587290e+00 8.754904537845286727e+07
1.233028223674371926e+00 8.748474633695277572e+07
1.250035509518156118e+00 8.683820708033363521e+07
1.267042795361940755e+00 8.756128102488699555e+07
1.284050081205724947e+00 8.751988384663358331e+07
1.301057367049509583e+00 8.708418906192061305e+07
1.318064652893293998e+00 8.688612055039346218e+07
1.335071938737078412e+00 8.684859704512605071e+07
1.352079224580863048e+00 8.701865862715773284e+07
1.369086510424647241e+00 8.665407495087613165e+07
1.386093796268431877e+00 8.695424488567754626e+07
1.403101082112216069e+00 8.680342536705686152e+07
1.420108367956000706e+00 8.656707262703064084e+07
1.437115653799784898e+00 8.635531956414057314e+07
1.454122939643569534e+00 8.678608701643773913e+07
1.471130225487353949e+00 8.690183721264559031e+07
1.488137511331138363e+00 8.608626762746629119e+07
1.505144797174922999e+00 8.699586052450785041e+07
1.522152083018707192e+00 8.621301719649858773e+07
1.539159368862491828e+00 8.609755678657457232e+07
1.556166654706276020e+00 8.600070632419283688e+07
1.573173940550060657e+00 8.609994459484726191e+07
1.590181226393844849e+00 8.596843637596166134e+07
1.607188512237629485e+00 8.604096662919652462e+07
1.624195798081413677e+00 8.617762506717756391e+07
1.641203083925198314e+00 8.619213357441172004e+07
1.658210369768982950e+00 8.603784163086146116e+07
1.675217655612767143e+00 8.612825721769982576e+07
1.692224941456551779e+00 8.598529584257411957e+07
1.709232227300335971e+00 8.611023035551148653e+07
1.726239513144120608e+00 8.594782677890992165e+07
1.743246798987904800e+00 8.558008276568368077e+07
1.760254084831689436e+00 8.540362282940769196e+07
1.777261370675473628e+00 8.572083871860598028e+07
1.794268656519258265e+00 8.562294961793251336e+07
1.811275942363042901e+00 8.586802977908654511e+07
1.828283228206827093e+00 8.542944230607876182e+07
1.845290514050611730e+00 8.552431370385304093e+07
1.862297799894395922e+00 8.556244858941665292e+07
1.879305085738180559e+00 8.538857658363837004e+07
1.896312371581964751e+00 8.539457523492042720e+07
1.913319657425749387e+00 8.498003655214190483e+07
1.930326943269533579e+00 8.491408498455977440e+07
1.947334229113318216e+00 8.548621626568329334e+07
1.964341514957102852e+00 8.550181073300483823e+07
1.981348800800887044e+00 8.538661335639110208e+07
1.998356086644671459e+00 8.520624355093953013e+07
2.015363372488455873e+00 8.513549469152668118e+07
2.032370658332240509e+00 8.508649377231252193e+07
2.049377944176025146e+00 8.481726955794404447e+07
2.066385230019809338e+00 8.497372904156045616e+07
2.083392515863593530e+00 8.494793680446520448e+07
2.100399801707378167e+00 8.512323370237222314e+07
2.117407087551162803e+00 8.510540149259957671e+07
2.134414373394946995e+00 8.499237186564242840e+07
2.151421659238731188e+00 8.496743564972740412e+07
2.168428945082515824e+00 8.501585584339517355e+07
2.185436230926300460e+00 8.506191749266576767e+07
2.202443516770085097e+00 8.505344813374777138e+07
2.219450802613869289e+00 8.505400029721134901e+07
2.236458088457653481e+00 8.497426784430548549e+07
2.253465374301438118e+00 8.473737013624429703e+07
2.270472660145222754e+00 8.509460400137300789e+07
2.287479945989006946e+00 8.499723594756788015e+07
2.304487231832791139e+00 8.481531373311665654e+07
2.321494517676575775e+00 8.459082634714221954e+07
2.338501803520360411e+00 8.472323922646811604e+07
2.355509089364145048e+00 8.469110741845506430e+07
2.372516375207929240e+00 8.483643469399026036e+07
2.389523661051713432e+00 8.453296014349576831e+07
2.406530946895498069e+00 8.462051566308920085e+07
2.423538232739282705e+00 8.453242239880767465e+07
2.440545518583066897e+00 8.462867236279030144e+07
2.457552804426851090e+00 8.456731582226964831e+07
2.474560090270635726e+00 8.430282822419726849e+07
2.491567376114420362e+00 8.456102090239197016e+07
2.508574661958204999e+00 8.430142210889931023e+07
2.525581947801989191e+00 8.442298305996444821e+07
2.542589233645773383e+00 8.438820162038823962e+07
2.559596519489558020e+00 8.449342329574930668e+07
2.576603805333342656e+00 8.412523917678976059e+07
2.593611091177126848e+00 8.435492725832805037e+07
2.610618377020911041e+00 8.415826009765693545e+07
2.627625662864695677e+00 8.440431366903808713e+07
2.644632948708480313e+00 8.415110391262315214e+07
2.661640234552264950e+00 8.417075794173972309e+07
2.678647520396049142e+00 8.417307756251227856e+07
2.695654806239833334e+00 8.405034439944544435e+07
2.712662092083617971e+00 8.404065226047778130e+07
2.729669377927402607e+00 8.425215689698174596e+07
2.746676663771186799e+00 8.399963129575657845e+07
2.763683949614970992e+00 8.413815655365720391e+07
2.780691235458755628e+00 8.415560279877850413e+07
2.797698521302540264e+00 8.397384088049590588e+07
2.814705807146324901e+00 8.391142695033085346e+07
2.831713092990109093e+00 8.399966800518146157e+07
2.848720378833893285e+00 8.404785806592257321e+07
2.865727664677677922e+00 8.405759174064566195e+07
2.882734950521462558e+00 8.398145909988385439e+07
2.899742236365246750e+00 8.411753536502023041e+07
2.916749522209030943e+00 8.383348476118859649e+07
2.933756808052815579e+00 8.406259270130324364e+07
2.950764093896600215e+00 8.402635885476288199e+07
2.967771379740384852e+00 8.395758254871052504e+07
2.984778665584169044e+00 8.378728572712065279e+07
3.001785951427953236e+00 8.370282050477316976e+07
3.018793237271737873e+00 8.371591138372044265e+07
3.035800523115522509e+00 8.383135451825571060e+07
3.052807808959306701e+00 8.375270990282902122e+07
3.069815094803090894e+00 8.362499990952396393e+07
3.086822380646875530e+00 8.361704698565715551e+07
3.103829666490660166e+00 8.369838796057826281e+07
3.120836952334444803e+00 8.350985000548711419e+07
3.137844238178228995e+00 8.341139308497127891e+07
3.154851524022013187e+00 8.369433594318395853e+07
3.171858809865797824e+00 8.350387998500318825e+07
3.188866095709582460e+00 8.338379266236919165e+07
3.205873381553366652e+00 8.336906178500555456e+07
3.222880667397150845e+00 8.341478181561952829e+07
3.239887953240935481e+00 8.348144446961785853e+07
3.256895239084720117e+00 8.347665237180790305e+07
3.273902524928504310e+00 8.337773885919135809e+07
3.290909810772288946e+00 8.344372946114528179e+07
3.307917096616073138e+00 8.360535858290773630e+07
3.324924382459857775e+00 8.328821076909577847e+07
3.341931668303642411e+00 8.333199751585197449e+07
3.358938954147426603e+00 8.331843615600252151e+07
3.375946239991210795e+00 8.330452037716379762e+07
3.392953525834995432e+00 8.332371782890136540e+07
3.409960811678780068e+00 8.330646547414708138e+07
3.426968097522564261e+00 8.335282571239554882e+07
3.443975383366348897e+00 8.314865977263113856e+07
3.460982669210133089e+00 8.312444990285184979e+07
3.477989955053917726e+00 8.339117620112520456e+07
3.494997240897702362e+00 8.328784664794698358e+07
3.512004526741486554e+00 8.316181677241709828e+07
3.529011812585270746e+00 8.299647906952267885e+07
3.546019098429055383e+00 8.291819178270256519e+07
3.563026384272840019e+00 8.303240763073913753e+07
3.580033670116624211e+00 8.299639403364720941e+07
3.597040955960408848e+00 8.298713237081730366e+07
3.614048241804193040e+00 8.305005152991625667e+07
3.631055527647977677e+00 8.306887747154554725e+07
3.648062813491762313e+00 8.292385015818594396e+07
3.665070099335546505e+00 8.294264875773769617e+07
3.682077385179330697e+00 8.290915078138017654e+07
3.699084671023115334e+00 8.302489851418256760e+07
3.716091956866899970e+00 8.289745980910465121e+07
3.733099242710684162e+00 8.291492995758259296e+07
3.750106528554468799e+00 8.296623840453633666e+07
3.767113814398252991e+00 8.284783879825066030e+07
3.784121100242037627e+00 8.279541399447263777e+07
3.801128386085822264e+00 8.310151687724015117e+07
