#col 1: frequency in GHz
#col2: sensitivity in mJy
#col3: beam area in sr
125.0 21.612569938228265 8.017151512222979e-08
126.0 21.61256993822826 7.890400124621067e-08
127.0 21.612569938228262 7.766631060728132e-08
128.0 21.612569938228262 7.645751487944582e-08
129.0 21.612569938228262 7.527672157832105e-08
130.0 21.612569938228262 7.412307241330419e-08
131.0 21.61256993822826 7.299574172745416e-08
132.0 21.61256993822826 7.189393501979115e-08
133.0 21.612569938228265 7.08168875450755e-08
134.0 21.61256993822826 6.976386298645804e-08
135.0 21.61256993822826 6.873415219669907e-08
136.0 21.612569938228262 6.772707200393818e-08
137.0 21.612569938228262 6.674196407825887e-08
138.0 21.612569938228255 6.577819385553669e-08
139.0 21.612569938228262 6.483514951528599e-08
140.0 21.612569938228262 6.391224100943066e-08
141.0 21.61256993822826 6.30088991391198e-08
142.0 21.612569938228262 6.212457467689152e-08
143.0 21.612569938228265 6.125873753165634e-08
144.0 21.612569938228265 6.041087595413005e-08
145.0 21.612569938228262 5.9580495780491816e-08
146.0 21.61256993822826 5.876711971218055e-08
147.0 21.61256993822826 5.797028662986905e-08
148.0 21.61256993822826 5.718955093977542e-08
149.0 21.61256993822826 5.6424481950580615e-08
150.0 21.612569938228262 5.567466327932624e-08
151.0 21.74221588725541 5.4939692284761216e-08
152.0 21.87186183628256 5.421917952669844e-08
153.0 22.001507785309705 5.351274825002521e-08
154.0 22.131153734336863 5.282003389209145e-08
155.0 22.260799683364013 5.2140683612272225e-08
156.0 22.39044563239116 5.1474355842572345e-08
157.0 22.520091581418306 5.082071985820279e-08
158.0 22.64973753044546 5.017945536712229e-08
159.0 22.779383479472607 4.9550252117591895e-08
160.0 22.909029428499753 4.893280952284535e-08
161.0 23.038675377526907 4.832683630202697e-08
162.0 23.168321326554057 4.773205013659658e-08
163.0 23.29796727558121 4.714817734144456e-08
164.0 23.427613224608354 4.6574952550001524e-08
165.0 23.557259173635508 4.601211841266632e-08
166.0 23.686905122662655 4.545942530791263e-08
167.0 23.816551071689812 4.4916631065468106e-08
168.0 23.94619702071696 4.4383500700993504e-08
169.0 24.07584296974411 4.385980616171845e-08
170.0 24.20548891877126 4.3345326082520425e-08
171.0 24.335134867798402 4.283984555195925e-08
172.0 24.46478081682556 4.234315588780559e-08
173.0 24.594426765852706 4.185505442162585e-08
174.0 24.724072714879856 4.13753442920082e-08
175.0 24.853718663907006 4.09038342460356e-08
176.0 24.983364612934157 4.044033844863251e-08
177.0 25.113010561961314 3.998467629942995e-08
178.0 25.242656510988446 3.9536672256812296e-08
179.0 25.372302460015614 3.909615566882558e-08
180.0 25.501948409042754 3.866296061064324e-08
181.0 25.631594358069904 3.823692572830013e-08
182.0 25.76124030709705 3.7817894088420506e-08
183.0 25.890886256124205 3.7405713033677946e-08
184.0 26.02053220515136 3.700023404373939e-08
185.0 26.150178154178505 3.6601312601456256e-08
186.0 26.27982410320566 3.6208808064077945e-08
187.0 26.409470052232813 3.582258353927309e-08
188.0 26.539116001259956 3.5442505765754875e-08
189.0 26.668761950287106 3.5068444998315853e-08
190.0 26.798407899314256 3.470027489708701e-08
191.0 26.928053848341406 3.433787242084484e-08
192.0 27.05769979736856 3.398111772419815e-08
193.0 27.187345746395703 3.3629894058493935e-08
194.0 27.316991695422857 3.328408767628974e-08
195.0 27.446637644450007 3.2943587739246295e-08
196.0 27.576283593477154 3.2608286229301356e-08
197.0 27.705929542504308 3.22780778629916e-08
198.0 27.83557549153145 3.1952860008796057e-08
199.0 27.965221440558604 3.163253260737963e-08
200.0 28.09486738958575 3.131699809462102e-08
201.0 28.2245133386129 3.1006161327314675e-08
202.0 28.35415928764006 3.069992951144106e-08
203.0 28.48380523666721 3.039821213290398e-08
204.0 28.61345118569435 3.010092089063918e-08
205.0 28.743097134721502 2.980796963200096e-08
206.0 28.872743083748656 2.9519274290339345e-08
207.0 29.002389032775806 2.9234752824682974e-08
208.0 29.13203498180295 2.8954325161446948e-08
209.0 29.261680930830106 2.8677913138088422e-08
210.0 29.391326879857257 2.840544044863583e-08
211.0 29.5209728288844 2.8136832591020884e-08
212.0 29.650618777911543 2.7872016816145442e-08
213.0 29.78026472693871 2.7610922078618455e-08
214.0 29.90991067596585 2.7353478989100374e-08
215.0 30.039556624993004 2.7099619768195576e-08
216.0 30.16920257402015 2.684927820183558e-08
217.0 30.298848523047308 2.6602389598098078e-08
218.0 30.428494472074455 2.635889074540949e-08
219.0 30.5581404211016 2.6118719872080248e-08
220.0 30.687786370128755 2.588181660712481e-08
221.0 30.8174323191559 2.5648121942319778e-08
222.0 30.947078268183056 2.5417578195455732e-08
223.0 31.076724217210206 2.5190128974739903e-08
224.0 31.206370166237352 2.4965719144308844e-08
225.0 31.3360161152645 2.4744294790811662e-08
226.0 31.465662064291646 2.4525803191025938e-08
227.0 31.595308013318814 2.431019278047004e-08
228.0 31.724953962345953 2.409741312297708e-08
229.0 31.8545999113731 2.388741488119679e-08
230.0 31.984245860400254 2.3680149787993204e-08
231.0 32.1138918094274 2.3475570618707305e-08
232.0 32.24353775845455 2.3273631164254613e-08
233.0 32.37318370748171 2.3074286205029388e-08
234.0 32.50282965650885 2.2877491485587714e-08
235.0 32.632475605536 2.268320369008313e-08
236.0 32.76212155456315 2.2491380418429347e-08
237.0 32.8917675035903 2.2301980163165453e-08
238.0 33.02141345261746 2.2114962287000217e-08
239.0 33.1510594016446 2.1930287001012602e-08
240.0 33.28070535067175 2.1747915343486815e-08
241.0 33.41035129969891 2.1567809159360905e-08
242.0 33.53999724872605 2.138993108026844e-08
243.0 33.6696431977532 2.1214244505154037e-08
244.0 33.79928914678035 2.1040713581443845e-08
245.0 33.9289350958075 2.0869303186752862e-08
246.0 34.058581044834646 2.069997891111178e-08
247.0 34.18822699386181 2.0532707039696442e-08
248.0 34.31787294288896 2.0367454536043843e-08
249.0 34.4475188919161 2.0204189025738946e-08
250.0 34.57716484094325 2.0042878780557448e-08
251.0 34.7068107899704 1.98834927030498e-08
252.0 34.83645673899755 1.9726000311552668e-08
253.0 34.9661026880247 1.957037172561422e-08
254.0 35.095748637051855 1.941657765182033e-08
255.0 35.225394586079 1.926458937000908e-08
256.0 35.355040535106156 1.9114378719861455e-08
257.0 35.484686484133306 1.89659180878566e-08
258.0 35.61433243316045 1.8819180394580262e-08
259.0 35.743978382187606 1.8674139082375642e-08
260.0 35.87362433121475 1.8530768103326046e-08
261.0 35.87362433121475 1.838904190755921e-08
262.0 35.87362433121475 1.824893543186354e-08
263.0 35.87362433121475 1.8110424088606754e-08
264.0 35.87362433121475 1.7973483754947787e-08
265.0 35.87362433121474 1.7838090762333087e-08
266.0 35.87362433121475 1.7704221886268875e-08
267.0 35.87362433121475 1.7571854336361012e-08
268.0 35.87362433121476 1.744096574661451e-08
269.0 35.87362433121475 1.7311534165984997e-08
270.0 35.87362433121475 1.7183538049174768e-08
271.0 35.87362433121476 1.7056956247666022e-08
272.0 35.87362433121475 1.6931768000984545e-08
273.0 35.87362433121475 1.6807952928186888e-08
274.0 35.87362433121475 1.668549101956472e-08
275.0 35.87362433121475 1.656436262855987e-08
276.0 35.87362433121475 1.6444548463884172e-08
277.0 35.87362433121475 1.6326029581837906e-08
278.0 35.87362433121474 1.6208787378821498e-08
279.0 35.87362433121475 1.6092803584034644e-08
280.0 35.87362433121474 1.5978060252357666e-08
281.0 35.87362433121475 1.586453975740987e-08
282.0 35.87362433121475 1.575222478477995e-08
283.0 35.87362433121475 1.5641098325423473e-08
284.0 35.87362433121474 1.553114366922288e-08
285.0 35.87362433121475 1.5422344398705328e-08
286.0 35.87362433121475 1.5314684382914085e-08
287.0 35.87362433121476 1.5208147771429063e-08
288.0 35.87362433121474 1.5102718988532513e-08
289.0 35.87362433121475 1.4998382727515724e-08
290.0 35.87362433121474 1.4895123945122954e-08
291.0 35.87362433121475 1.4792927856128775e-08
292.0 35.87362433121475 1.4691779928045138e-08
293.0 35.87362433121475 1.4591665875954763e-08
294.0 35.87362433121476 1.4492571657467263e-08
295.0 35.87362433121475 1.4394483467794777e-08
296.0 35.87362433121475 1.4297387734943855e-08
297.0 35.87362433121475 1.4201271115020471e-08
298.0 35.87362433121475 1.4106120487645154e-08
299.0 35.87362433121475 1.4011922951475273e-08
300.0 35.87362433121475 1.391866581983156e-08
301.0 35.87362433121474 1.3826336616426317e-08
302.0 35.87362433121475 1.3734923071190304e-08
303.0 35.87362433121476 1.3644413116196022e-08
304.0 35.87362433121476 1.355479488167461e-08
305.0 35.87362433121474 1.3466056692124059e-08
