1.046795099999999977e+06 4.102607400000000265e-02
1.437632000000000000e+06 3.352817500000000034e-02
2.294535799999999814e+06 2.441755300000000156e-02
3.541862000000000000e+06 1.778379799999999997e-02
5.287809000000000000e+06 1.371949299999999927e-02
8.872825000000000000e+06 9.165233999999999534e-03
1.302640600000000000e+07 6.486803799999999592e-03
2.044638800000000000e+07 4.724306499999999902e-03
3.430927200000000000e+07 3.248060100000000130e-03
5.661872800000000000e+07 2.298294000000000205e-03
8.175116800000000000e+07 1.773165699999999963e-03
1.241086320000000000e+08 1.407758700000000078e-03
2.082515040000000000e+08 9.404456999999999530e-04
3.798907520000000000e+08 6.464638999999999889e-04
5.863785000000000000e+08 4.445347300000000203e-04
8.753607700000000000e+08 3.057013400000000163e-04
1.242959620000000000e+09 2.291794500000000000e-04
1.824781820000000000e+09 1.576094999999999959e-04
2.464374780000000000e+09 1.148221050000000068e-04
3.384144640000000000e+09 8.127801000000000416e-05
5.136730100000000000e+09 5.127529600000000259e-05
7.415970800000000000e+09 3.329423300000000077e-05
9.367543800000000000e+09 2.290401199999999907e-05
1.203202250000000000e+10 1.575574800000000025e-05
1.545406460000000000e+10 1.053139700000000064e-05
1.984977720000000000e+10 7.244583699999999801e-06
2.680232550000000000e+10 4.075043799999999590e-06
3.868942700000000000e+10 2.163863200000000069e-06
5.052617900000000000e+10 1.289257900000000050e-06
6.598429500000000000e+10 7.681566000000000189e-07
9.846921600000000000e+10 3.240957000000000160e-07
1.243621050000000000e+11 1.771625900000000046e-07
1.918654550000000000e+11 6.112263400000000654e-08
2.343644040000000000e+11 3.539092599999999864e-08
2.959974730000000000e+11 1.990999399999999902e-08
