#0 k [Mpc^-1]
#1 P [jy^2/sr^2 Mpc^3]
0.01 2164244123.755617
0.01084232539313427 2174737291.9348884
0.011755601993060414 2171993020.9571123
0.012745806200093877 2154726263.8994055
0.013819417821924607 2121935419.871263
0.01498346247689854 2073103333.901544
0.016245557569035153 2008429788.5447392
0.01761396213563745 1929049678.6630774
0.019097630893692746 1837163453.7022285
0.02070627283873903 1735998077.9443374
0.022450414779662663 1629548947.1144004
0.024341470225193326 1522129667.2571573
0.02639181407288354 1417845126.4643912
0.028614863589330356 1320142713.185924
0.03102516621156698 1231538964.086872
0.0336384947441884 1153479120.3718266
0.036471950575172746 1086154418.3782248
0.03954407558583333 1028101363.6106503
0.04287497348723016 975637336.9855299
0.046486441377055425 922652932.0607977
0.050402112377889566 861759918.9190784
0.054647610290239915 787608084.4728854
0.059250717272397356 701441634.6818057
0.06424155564439332 613226552.6733999
0.06965278500576536 537502237.7820473
0.07551981595705316 484124709.1823111
0.08188104182359843 450354313.5078191
0.08877808989802904 420880526.41591424
0.09625609384553568 380362859.36370647
0.1043639890545367 331307899.43322563
0.11315483286547902 291395785.0034516
0.12268615177332469 268036267.14629644
0.13302031787578433 247991720.31704345
0.1442249570307409 221184342.52661246
0.15637339139381004 198274594.75376797
0.16954511923196305 183731734.53439906
0.18382633515306906 167900161.62170586
0.19931049415569305 153479522.02435744
0.21609892319024104 142933587.45685834
0.2343014842334523 132328523.26457596
0.25403729321534085 124037423.13837364
0.2754354995031785 116499520.63296013
0.2986361310433934 110286435.55359149
0.3237910106919158 104848477.07426624
0.3510647497293567 100282726.00356871
0.38063582506249316 96391725.21981935
0.41269774716116836 93088197.88079998
0.447460326373484 90297147.47606649
0.4851510459059374 87941946.98006684
0.5260165504531595 85957588.51863712
0.5703242602187183 84288742.14417556
0.6183641208889926 82887791.40654275
0.6704505010117875 81713681.85351661
0.7269242491959693 80731108.76220977
0.7881549245942522 79910333.73595831
0.8545432152652087 79225650.32435161
0.9265235602400573 78655399.38304564
1.0045669924527942 78181080.40662773
1.0891842211375455 77787113.48220177
1.1809289738640782 77460323.86077696
1.2804016200814492 77189614.54706925
1.388253099881934 76965643.06339654
1.5051891836947262 76780565.75693427
1.6319750907844373 76627808.73203716
1.769440496777471 76501873.7880478
1.9184849629850493 76398168.86645228
2.080083823051906 76312861.14144963
2.2552945654523495 76242761.21467009
2.4452637536001705 76185216.97399819
2.6512345288569947 76138026.27419582
2.874554745538057 76099363.47585166
3.1166857911501893 76067716.9740369
3.379212149580847 76041836.87050378
3.663851769818826 76020691.03110075
3.972467308058656 76003428.05037138
4.3070783167560105 75989346.55677733
4.66987446039817 75977869.37196268
5.063229844472428 75968522.08093789
5.489718551399869 75960915.12491745
5.952131485100308 75954728.98002037
6.453494634417706 75949701.81376328
6.997088874920279 75945619.28079036
7.586471438656544 75942306.07484996
8.225499192363372 75939618.94793221
8.918353876456683 75937440.95125996
9.669569469966376 75935676.68638292
10.484061860489232 75934248.39891298
11.367161013317281 75933092.76487376
12.324645850253583 75932158.25233354
13.362782066359134 75931402.95653176
14.488363132100488 75930792.82579926
15.70875474921235 75930300.20909318
17.031943051190364 75929902.66796616
18.466586863833786 75929582.00579634
20.02207436782648 75929323.47519802
21.708584534150784 75929115.13150135
23.537153734362494 75928947.30583575
25.51974796161836 75928812.1760132
27.66934113506413 75928703.41734564
29.999999999999996 75928615.91871859
