 k  [1/Mpc]     P_3D [(Jy/sr)^2Mpc^3]
 1.0000e-04     3.8773e+09
 1.5849e-04     4.3755e+09
 2.5119e-04     5.1511e+09
 3.9811e-04     6.3537e+09
 6.3096e-04     8.2019e+09
 1.0000e-03     1.0988e+10
 1.5849e-03     1.5038e+10
 2.5119e-03     2.0548e+10
 3.9811e-03     2.7256e+10
 6.3096e-03     3.3985e+10
 1.0000e-02     3.8217e+10
 1.5849e-02     3.6095e+10
 2.5119e-02     2.6877e+10
 3.9811e-02     1.9121e+10
 6.3096e-02     1.2521e+10
 1.0000e-01     7.8266e+09
 1.5849e-01     5.0460e+09
 2.5119e-01     3.8384e+09
 3.9811e-01     3.3105e+09
 6.3096e-01     3.1043e+09
 1.0000e+00     3.0283e+09
 1.5849e+00     3.0017e+09
 2.5119e+00     2.9928e+09
 3.9811e+00     2.9898e+09
 6.3096e+00     2.9890e+09
 1.0000e+01     2.9886e+09
 1.5849e+01     2.9886e+09
 2.5119e+01     2.9886e+09
 3.9811e+01     2.9885e+09
 6.3096e+01     2.9886e+09
 1.0000e+02     2.9885e+09
