  115.000000    0.000080
  115.481606    0.000206
  115.963211    0.000360
  116.444817    0.000506
  116.926422    0.000662
  117.408028    0.000812
  117.889633    0.000957
  118.371239    0.001085
  118.852844    0.001238
  119.334450    0.001425
  119.816055    0.001657
  120.297661    0.001925
  120.779266    0.002206
  121.260872    0.002490
  121.742477    0.002742
  122.224083    0.002975
  122.705688    0.003193
  123.187294    0.003459
  123.668900    0.003758
  124.150505    0.004089
  124.632111    0.004452
  125.113716    0.004859
  125.595322    0.005319
  126.076927    0.005830
  126.558533    0.006321
  127.040131    0.006867
  127.521736    0.007480
  128.003342    0.008229
  128.484955    0.009103
  128.966553    0.010014
  129.448166    0.010872
  129.929764    0.011700
  130.411377    0.012556
  130.892975    0.013614
  131.374588    0.014832
  131.856186    0.016218
  132.337799    0.017638
  132.819397    0.019078
  133.301010    0.020671
  133.782608    0.022341
  134.264221    0.024147
  134.745819    0.025955
  135.227432    0.028007
  135.709030    0.030317
  136.190643    0.032965
  136.672241    0.035814
  137.153854    0.038673
  137.635452    0.041544
  138.117065    0.044525
  138.598663    0.047774
  139.080261    0.051078
  139.561874    0.054268
  140.043472    0.057245
  140.525085    0.060056
  141.006683    0.062765
  141.488297    0.065456
  141.969894    0.068211
  142.451508    0.071386
  142.933105    0.075054
  143.414719    0.079188
  143.896317    0.083371
  144.377930    0.087597
  144.859528    0.092041
  145.341141    0.096535
  145.822739    0.100753
  146.304352    0.104651
  146.785950    0.108561
  147.267563    0.112980
  147.749161    0.118108
  148.230774    0.123762
  148.712372    0.129441
  149.193985    0.134354
  149.675583    0.138590
  150.157196    0.142933
  150.638794    0.148000
  151.120407    0.153723
  151.602005    0.159611
  152.083618    0.165508
  152.565216    0.171520
  153.046829    0.177572
  153.528427    0.183586
  154.010040    0.189523
  154.491638    0.195199
  154.973251    0.200452
  155.454849    0.205120
  155.936462    0.209098
  156.418060    0.212869
  156.899673    0.216566
  157.381271    0.220060
  157.862885    0.223478
  158.344482    0.227363
  158.826096    0.231838
  159.307693    0.236742
  159.789307    0.241543
  160.270905    0.246059
  160.752518    0.250590
  161.234116    0.255676
  161.715714    0.261161
  162.197327    0.267179
  162.678925    0.273766
  163.160538    0.280711
  163.642136    0.287823
  164.123749    0.295136
  164.605347    0.302590
  165.086960    0.309679
  165.568558    0.317094
  166.050171    0.325242
  166.531769    0.334485
  167.013382    0.345386
  167.494980    0.357547
  167.976593    0.370135
  168.458191    0.382611
  168.939804    0.395064
  169.421402    0.407550
  169.903015    0.420054
  170.384613    0.431876
  170.866226    0.442535
  171.347824    0.451862
  171.829437    0.459033
  172.311035    0.465581
  172.792648    0.471900
  173.274246    0.476591
  173.755859    0.479834
  174.237457    0.480902
  174.719070    0.479463
  175.200668    0.476492
  175.682281    0.473314
  176.163879    0.471666
  176.645493    0.471973
  177.127090    0.473755
  177.608704    0.475644
  178.090302    0.476902
  178.571915    0.477281
  179.053513    0.476217
  179.535126    0.474153
  180.016724    0.471923
  180.498337    0.468968
  180.979935    0.464711
  181.461548    0.460517
  181.943146    0.456700
  182.424759    0.452917
  182.906357    0.449973
  183.387970    0.447751
  183.869568    0.446335
  184.351181    0.445566
  184.832779    0.445163
  185.314392    0.444806
  185.795990    0.443851
  186.277603    0.441980
  186.759201    0.438619
  187.240799    0.432604
  187.722412    0.424963
  188.204010    0.416424
  188.685623    0.407380
  189.167221    0.398074
  189.648834    0.389657
  190.130432    0.382257
  190.612045    0.375479
  191.093643    0.369233
  191.575256    0.363432
  192.056854    0.357867
  192.538467    0.352991
  193.020065    0.348159
  193.501678    0.343263
  193.983276    0.338290
  194.464890    0.333231
  194.946487    0.327707
  195.428101    0.321892
  195.909698    0.315805
  196.391312    0.309690
  196.872910    0.303885
  197.354523    0.298418
  197.836121    0.292937
  198.317734    0.287499
  198.799332    0.282132
  199.280945    0.276705
  199.762543    0.271071
  200.244156    0.265226
  200.725754    0.259200
  201.207367    0.253085
  201.688965    0.247283
  202.170578    0.241685
  202.652176    0.236184
  203.133789    0.230804
  203.615387    0.225778
  204.097000    0.220964
  204.578598    0.216069
  205.060211    0.210910
  205.541809    0.205404
  206.023422    0.199483
  206.505020    0.193303
  206.986633    0.186983
  207.468231    0.180650
  207.949829    0.174217
  208.431442    0.167949
  208.913040    0.161831
  209.394653    0.155772
  209.876251    0.149686
  210.357864    0.143550
  210.839462    0.137373
  211.321075    0.131200
  211.802673    0.125194
  212.284286    0.119464
  212.765884    0.113893
  213.247498    0.108477
  213.729095    0.103197
  214.210709    0.098237
  214.692307    0.093480
  215.173920    0.088952
  215.655518    0.084731
  216.137131    0.080917
  216.618729    0.077553
  217.100342    0.074681
  217.581940    0.072248
  218.063553    0.070188
  218.545151    0.068356
  219.026764    0.066627
  219.508362    0.064918
  219.989975    0.063146
  220.471573    0.061262
  220.953186    0.059269
  221.434784    0.057189
  221.916397    0.055066
  222.397995    0.052949
  222.879608    0.050879
  223.361206    0.048961
  223.842819    0.047169
  224.324417    0.045492
  224.806030    0.043932
  225.287628    0.042479
  225.769241    0.041168
  226.250839    0.039957
  226.732452    0.038812
  227.214050    0.037721
  227.695663    0.036668
  228.177261    0.035648
  228.658859    0.034656
  229.140472    0.033698
  229.622070    0.032761
  230.103683    0.031813
  230.585281    0.030838
  231.066895    0.029817
  231.548492    0.028749
  232.030106    0.027633
  232.511703    0.026474
  232.993317    0.025276
  233.474915    0.024064
  233.956528    0.022828
  234.438126    0.021580
  234.919739    0.020328
  235.401337    0.019082
  235.882950    0.017866
  236.364548    0.016691
  236.846161    0.015537
  237.327759    0.014410
  237.809372    0.013316
  238.290970    0.012265
  238.772583    0.011279
  239.254181    0.010355
  239.735794    0.009499
  240.217392    0.008724
  240.699005    0.008028
  241.180603    0.007403
  241.662216    0.006840
  242.143814    0.006330
  242.625427    0.005868
  243.107025    0.005446
  243.588623    0.005059
  244.070236    0.004706
  244.551834    0.004391
  245.033447    0.004111
  245.515045    0.003866
  245.996658    0.003649
  246.478256    0.003458
  246.959869    0.003286
  247.441467    0.003133
  247.923080    0.002996
  248.404678    0.002872
  248.886292    0.002761
  249.367889    0.002664
  249.849503    0.002580
  250.331100    0.002511
  250.812714    0.002452
  251.294312    0.002399
  251.775925    0.002349
  252.257523    0.002297
  252.739136    0.002240
  253.220734    0.002176
  253.702347    0.002105
  254.183945    0.002027
  254.665558    0.001944
  255.147156    0.001859
  255.628769    0.001772
  256.110382    0.001688
  256.591980    0.001607
  257.073578    0.001532
  257.555206    0.001469
  258.036804    0.001416
  258.518402    0.001375
  259.000000    0.001348
