   50.000000    0.004839
   50.367893    0.005949
   50.735786    0.007360
   51.103680    0.008953
   51.471573    0.010794
   51.839466    0.012696
   52.207359    0.014616
   52.575253    0.016011
   52.943146    0.018199
   53.311035    0.020870
   53.678928    0.022716
   54.046822    0.024838
   54.414715    0.026559
   54.782608    0.027824
   55.150501    0.028437
   55.518394    0.026852
   55.886288    0.024952
   56.254181    0.023862
   56.622074    0.024502
   56.989967    0.026943
   57.357861    0.029578
   57.725754    0.032692
   58.093647    0.037093
   58.461540    0.041274
   58.829433    0.045561
   59.197327    0.049921
   59.565220    0.053196
   59.933109    0.054655
   60.301003    0.056357
   60.668896    0.059604
   61.036789    0.063565
   61.404682    0.068971
   61.772575    0.074874
   62.140469    0.080490
   62.508362    0.085769
   62.876255    0.090799
   63.244148    0.094878
   63.612041    0.097088
   63.979935    0.099300
   64.347824    0.102526
   64.715721    0.107265
   65.083611    0.112462
   65.451508    0.116552
   65.819397    0.120975
   66.187294    0.125435
   66.555183    0.130184
   66.923080    0.137107
   67.290970    0.143554
   67.658867    0.146362
   68.026756    0.147631
   68.394653    0.148676
   68.762543    0.148210
   69.130440    0.146378
   69.498329    0.145286
   69.866219    0.145646
   70.234116    0.146650
   70.602005    0.147812
   70.969902    0.151002
   71.337791    0.156756
   71.705688    0.162071
   72.073578    0.165626
   72.441475    0.170219
   72.809364    0.177074
   73.177261    0.182121
   73.545151    0.181382
   73.913048    0.174773
   74.280937    0.165908
   74.648834    0.150310
   75.016724    0.120443
   75.384613    0.083397
   75.752510    0.064292
   76.120399    0.078435
   76.488297    0.113410
   76.856186    0.146734
   77.224083    0.167051
   77.591972    0.179737
   77.959869    0.190292
   78.327759    0.199499
   78.695656    0.207406
   79.063545    0.215118
   79.431442    0.223514
   79.799332    0.232698
   80.167229    0.242121
   80.535118    0.250633
   80.903015    0.257560
   81.270905    0.264236
   81.638794    0.272789
   82.006691    0.282915
   82.374588    0.291456
   82.742477    0.297151
   83.110367    0.302072
   83.478264    0.308096
   83.846153    0.313863
   84.214050    0.316808
   84.581940    0.316710
   84.949837    0.315858
   85.317726    0.315858
   85.685623    0.315853
   86.053513    0.314380
   86.421410    0.311625
   86.789299    0.309196
   87.157196    0.308021
   87.525085    0.307919
   87.892982    0.308378
   88.260872    0.309078
   88.628761    0.310101
   88.996658    0.311723
   89.364548    0.314393
   89.732445    0.318639
   90.100334    0.324227
   90.468231    0.330141
   90.836121    0.335501
   91.204018    0.340176
   91.571907    0.344786
   91.939804    0.349832
   92.307693    0.355006
   92.675591    0.359429
   93.043480    0.362410
   93.411377    0.364291
   93.779266    0.366562
   94.147163    0.369978
   94.515053    0.374039
   94.882942    0.377969
   95.250839    0.381340
   95.618729    0.384195
   95.986626    0.387075
   96.354515    0.390239
   96.722412    0.393193
   97.090302    0.395670
   97.458199    0.397615
   97.826088    0.399189
   98.193985    0.400996
   98.561874    0.402774
   98.929771    0.404190
   99.297661    0.405094
   99.665558    0.405480
  100.033447    0.405842
  100.401337    0.406251
  100.769234    0.406595
  101.137123    0.406405
  101.505020    0.405188
  101.872910    0.404009
  102.240807    0.403111
  102.608696    0.403134
  102.976593    0.403767
  103.344482    0.404015
  103.712379    0.403529
  104.080269    0.401397
  104.448166    0.398843
  104.816055    0.396227
  105.183952    0.394386
  105.551842    0.392481
  105.919739    0.390161
  106.287628    0.386833
  106.655518    0.381914
  107.023415    0.376514
  107.391304    0.370761
  107.759201    0.365086
  108.127090    0.359298
  108.494987    0.353083
  108.862877    0.346186
  109.230774    0.339157
  109.598663    0.332338
  109.966560    0.326374
  110.334450    0.321023
  110.702347    0.316267
  111.070236    0.311175
  111.438133    0.305734
  111.806023    0.299599
  112.173912    0.293496
  112.541809    0.287810
  112.909698    0.282682
  113.277596    0.277598
  113.645485    0.272124
  114.013382    0.265858
  114.381271    0.258362
  114.749168    0.250730
  115.117058    0.242843
  115.484947    0.235749
  115.852844    0.228233
  116.220734    0.220513
  116.588631    0.211865
  116.956520    0.202331
  117.324417    0.192485
  117.692307    0.182675
  118.060204    0.173017
  118.428093    0.163635
  118.795990    0.154625
  119.163879    0.145909
  119.531776    0.137336
  119.899666    0.129057
  120.267563    0.120746
  120.635452    0.112827
  121.003342    0.105084
  121.371239    0.097850
  121.739128    0.091047
  122.107025    0.084765
  122.474915    0.078939
  122.842812    0.073528
  123.210701    0.068431
  123.578598    0.063651
  123.946487    0.059099
  124.314384    0.054844
  124.682274    0.050879
  125.050171    0.047197
  125.418060    0.043927
  125.785957    0.040852
  126.153847    0.038225
  126.521744    0.035667
  126.889633    0.033470
  127.257523    0.031288
  127.625420    0.029300
  127.993309    0.027366
  128.361206    0.025546
  128.729095    0.023827
  129.097000    0.022240
  129.464890    0.020800
  129.832779    0.019458
  130.200668    0.018318
  130.568573    0.017207
  130.936462    0.016273
  131.304352    0.015368
  131.672241    0.014522
  132.040146    0.013758
  132.408035    0.012983
  132.775925    0.012327
  133.143814    0.011679
  133.511703    0.011129
  133.879608    0.010624
  134.247498    0.010190
  134.615387    0.009824
  134.983276    0.009488
  135.351181    0.009221
  135.719070    0.008959
  136.086960    0.008708
  136.454849    0.008487
  136.822754    0.008235
  137.190643    0.008004
  137.558533    0.007778
  137.926422    0.007553
  138.294327    0.007337
  138.662216    0.007153
  139.030106    0.006965
  139.397995    0.006794
  139.765884    0.006635
  140.133789    0.006467
  140.501678    0.006296
  140.869568    0.006124
  141.237457    0.005939
  141.605362    0.005745
  141.973251    0.005552
  142.341141    0.005358
  142.709030    0.005164
  143.076935    0.004984
  143.444824    0.004820
  143.812714    0.004659
  144.180603    0.004522
  144.548492    0.004395
  144.916397    0.004275
  145.284286    0.004172
  145.652176    0.004069
  146.020065    0.003977
  146.387970    0.003888
  146.755859    0.003798
  147.123749    0.003719
  147.491638    0.003646
  147.859543    0.003572
  148.227432    0.003509
  148.595322    0.003459
  148.963211    0.003408
  149.331116    0.003365
  149.699005    0.003332
  150.066895    0.003300
  150.434784    0.003266
  150.802673    0.003233
  151.170578    0.003199
  151.538467    0.003158
  151.906357    0.003107
  152.274246    0.003056
  152.642151    0.002999
  153.010040    0.002931
  153.377930    0.002863
  153.745819    0.002796
  154.113724    0.002724
  154.481613    0.002651
  154.849503    0.002581
  155.217392    0.002514
  155.585297    0.002445
  155.953186    0.002377
  156.321075    0.002311
  156.688965    0.002245
  157.056854    0.002179
  157.424759    0.002110
  157.792648    0.002044
  158.160538    0.001978
  158.528427    0.001909
  158.896332    0.001847
  159.264221    0.001786
  159.632111    0.001726
  160.000000    0.001672
