   50.000000    0.000738
   50.367893    0.000924
   50.735786    0.001214
   51.103680    0.001716
   51.471573    0.002138
   51.839466    0.002457
   52.207359    0.002994
   52.575253    0.003600
   52.943146    0.004034
   53.311035    0.004768
   53.678928    0.005495
   54.046822    0.006107
   54.414715    0.006880
   54.782608    0.007816
   55.150501    0.008702
   55.518394    0.009756
   55.886288    0.010651
   56.254181    0.011661
   56.622074    0.012838
   56.989967    0.013941
   57.357861    0.015224
   57.725754    0.016539
   58.093647    0.018006
   58.461540    0.019773
   58.829433    0.022124
   59.197327    0.024668
   59.565220    0.026540
   59.933109    0.028386
   60.301003    0.029880
   60.668896    0.030976
   61.036789    0.032722
   61.404682    0.035093
   61.772575    0.038094
   62.140469    0.042149
   62.508362    0.046465
   62.876255    0.050567
   63.244148    0.054280
   63.612041    0.057531
   63.979935    0.060456
   64.347824    0.062582
   64.715721    0.065035
   65.083611    0.068348
   65.451508    0.071947
   65.819397    0.075813
   66.187294    0.080106
   66.555183    0.085076
   66.923080    0.091163
   67.290970    0.097514
   67.658867    0.103551
   68.026756    0.109573
   68.394653    0.115076
   68.762543    0.120205
   69.130440    0.125069
   69.498329    0.128303
   69.866219    0.130495
   70.234116    0.133064
   70.602005    0.135022
   70.969902    0.135658
   71.337791    0.136895
   71.705688    0.139686
   72.073578    0.142815
   72.441475    0.145586
   72.809364    0.149418
   73.177261    0.154921
   73.545151    0.159370
   73.913048    0.159570
   74.280937    0.156539
   74.648834    0.146760
   75.016724    0.122721
   75.384613    0.090294
   75.752510    0.075305
   76.120399    0.094544
   76.488297    0.134705
   76.856186    0.172296
   77.224083    0.196618
   77.591972    0.212534
   77.959869    0.222401
   78.327759    0.224908
   78.695656    0.225542
   79.063545    0.229861
   79.431442    0.237426
   79.799332    0.243305
   80.167229    0.246020
   80.535118    0.248138
   80.903015    0.250613
   81.270905    0.252568
   81.638794    0.253769
   82.006691    0.255489
   82.374588    0.258329
   82.742477    0.261315
   83.110367    0.263837
   83.478264    0.266110
   83.846153    0.268404
   84.214050    0.270676
   84.581940    0.272496
   84.949837    0.273174
   85.317726    0.271930
   85.685623    0.268506
   86.053513    0.263626
   86.421410    0.258671
   86.789299    0.254879
   87.157196    0.252856
   87.525085    0.252677
   87.892982    0.253771
   88.260872    0.254865
   88.628761    0.255009
   88.996658    0.254563
   89.364548    0.255049
   89.732445    0.257557
   90.100334    0.261426
   90.468231    0.265139
   90.836121    0.267967
   91.204018    0.270287
   91.571907    0.272787
   91.939804    0.275486
   92.307693    0.277624
   92.675591    0.278444
   93.043480    0.277972
   93.411377    0.277126
   93.779266    0.276772
   94.147163    0.276672
   94.515053    0.276599
   94.882942    0.276787
   95.250839    0.277692
   95.618729    0.279593
   95.986626    0.282081
   96.354515    0.283794
   96.722412    0.284594
   97.090302    0.285083
   97.458199    0.285771
   97.826088    0.286939
   98.193985    0.287184
   98.561874    0.285130
   98.929771    0.281019
   99.297661    0.275612
   99.665558    0.270760
  100.033447    0.268468
  100.401337    0.267596
  100.769234    0.267523
  101.137123    0.267267
  101.505020    0.266563
  101.872910    0.266234
  102.240807    0.266221
  102.608696    0.266355
  102.976593    0.264668
  103.344482    0.262442
  103.712379    0.260073
  104.080269    0.259706
  104.448166    0.259816
  104.816055    0.259904
  105.183952    0.258673
  105.551842    0.255990
  105.919739    0.252929
  106.287628    0.250115
  106.655518    0.246750
  107.023415    0.242869
  107.391304    0.238115
  107.759201    0.232795
  108.127090    0.227562
  108.494987    0.222718
  108.862877    0.218508
  109.230774    0.214525
  109.598663    0.210606
  109.966560    0.206446
  110.334450    0.202222
  110.702347    0.198060
  111.070236    0.194201
  111.438133    0.190749
  111.806023    0.187581
  112.173912    0.184437
  112.541809    0.180941
  112.909698    0.177151
  113.277596    0.172841
  113.645485    0.168469
  114.013382    0.163846
  114.381271    0.159432
  114.749168    0.154895
  115.117058    0.150154
  115.484947    0.145178
  115.852844    0.139706
  116.220734    0.133999
  116.588631    0.127939
  116.956520    0.121988
  117.324417    0.116012
  117.692307    0.110260
  118.060204    0.104576
  118.428093    0.099035
  118.795990    0.093471
  119.163879    0.088029
  119.531776    0.082594
  119.899666    0.077366
  120.267563    0.072339
  120.635452    0.067586
  121.003342    0.063123
  121.371239    0.058938
  121.739128    0.054976
  122.107025    0.051264
  122.474915    0.047713
  122.842812    0.044403
  123.210701    0.041263
  123.578598    0.038360
  123.946487    0.035665
  124.314384    0.033171
  124.682274    0.030895
  125.050171    0.028757
  125.418060    0.026821
  125.785957    0.024969
  126.153847    0.023310
  126.521744    0.021696
  126.889633    0.020289
  127.257523    0.018905
  127.625420    0.017708
  127.993309    0.016545
  128.361206    0.015503
  128.729095    0.014520
  129.097000    0.013599
  129.464890    0.012759
  129.832779    0.011945
  130.200668    0.011233
  130.568573    0.010534
  130.936462    0.009933
  131.304352    0.009356
  131.672241    0.008840
  132.040146    0.008374
  132.408035    0.007921
  132.775925    0.007543
  133.143814    0.007162
  133.511703    0.006835
  133.879608    0.006528
  134.247498    0.006241
  134.615387    0.005998
  134.983276    0.005765
  135.351181    0.005573
  135.719070    0.005393
  136.086960    0.005230
  136.454849    0.005086
  136.822754    0.004940
  137.190643    0.004806
  137.558533    0.004672
  137.926422    0.004536
  138.294327    0.004405
  138.662216    0.004278
  139.030106    0.004150
  139.397995    0.004033
  139.765884    0.003923
  140.133789    0.003808
  140.501678    0.003708
  140.869568    0.003606
  141.237457    0.003501
  141.605362    0.003395
  141.973251    0.003291
  142.341141    0.003179
  142.709030    0.003067
  143.076935    0.002961
  143.444824    0.002853
  143.812714    0.002748
  144.180603    0.002655
  144.548492    0.002567
  144.916397    0.002484
  145.284286    0.002416
  145.652176    0.002351
  146.020065    0.002291
  146.387970    0.002240
  146.755859    0.002189
  147.123749    0.002144
  147.491638    0.002100
  147.859543    0.002056
  148.227432    0.002016
  148.595322    0.001977
  148.963211    0.001939
  149.331116    0.001904
  149.699005    0.001872
  150.066895    0.001841
  150.434784    0.001811
  150.802673    0.001784
  151.170578    0.001757
  151.538467    0.001728
  151.906357    0.001698
  152.274246    0.001667
  152.642151    0.001634
  153.010040    0.001594
  153.377930    0.001555
  153.745819    0.001514
  154.113724    0.001467
  154.481613    0.001421
  154.849503    0.001376
  155.217392    0.001329
  155.585297    0.001283
  155.953186    0.001237
  156.321075    0.001195
  156.688965    0.001154
  157.056854    0.001113
  157.424759    0.001074
  157.792648    0.001037
  158.160538    0.001001
  158.528427    0.000965
  158.896332    0.000932
  159.264221    0.000901
  159.632111    0.000870
  160.000000    0.000840
