      1.00000      0.00000
      1.00000      0.00000
      1.01000      0.00000
      1.02000      0.00000
      1.03000      0.00000
      1.04000      0.00000
      1.04000      0.00000
      1.05000      0.00000
      1.06000      0.00000
      1.07000      0.00000
      1.08000      0.00000
      1.09000      0.00000
      1.09000      0.00000
      1.10000      0.00000
      1.11000      0.00000
      1.12000      0.00000
      1.13000      0.00000
      1.14000      0.00000
      1.15000      0.00000
      1.16000      0.00000
      1.16000      0.00000
      1.17000      0.00000
      1.18000      0.00000
      1.19000      0.00000
      1.20000      0.00000
      1.21000      0.00000
      1.22000      0.00000
      1.23000      0.00000
      1.24000      0.00000
      1.25000      0.00000
      1.26000      0.00000
      1.27000      0.00000
      1.28000      0.00000
      1.29000      0.00000
      1.30000      0.00000
      1.31000      0.00000
      1.32000      0.00000
      1.33000      0.00000
      1.34000      0.00000
      1.35000      0.00000
      1.36000      0.00000
      1.37000      0.00000
      1.38000      0.00000
      1.39000      0.00000
      1.40000      0.00000
      1.41000      0.00000
      1.43000      0.00000
      1.44000      0.00000
      1.45000      0.00000
      1.46000      0.00000
      1.47000      0.00000
      1.48000      0.00000
      1.49000      0.00000
      1.51000      0.00000
      1.52000      0.00000
      1.53000      0.00000
      1.54000      0.00000
      1.55000      0.00000
      1.57000      0.00000
      1.58000      0.00000
      1.59000      0.00000
      1.60000      0.00000
      1.62000      0.00000
      1.63000      0.00000
      1.64000      0.00000
      1.65000      0.00000
      1.67000      0.00000
      1.68000      0.00000
      1.69000      0.00000
      1.71000      0.00000
      1.72000      0.00000
      1.73000      0.00000
      1.75000      0.00000
      1.76000      0.00000
      1.77000      0.00000
      1.79000      0.00000
      1.80000      0.00000
      1.81000      0.00000
      1.83000      0.00000
      1.84000      0.00000
      1.86000      0.00000
      1.87000      0.00000
      1.89000      0.00000
      1.90000      0.00000
      1.92000      0.00000
      1.93000      0.00000
      1.95000      0.00000
      1.96000      0.00000
      1.98000      0.00000
      1.99000      0.00000
      2.01000      0.00000
      2.02000      0.00000
      2.04000      0.00000
      2.06000      0.00000
      2.07000      0.00000
      2.09000      0.00000
      2.10000      0.00000
      2.12000      0.00000
      2.14000      0.00000
      2.15000      0.00000
      2.17000      0.00000
      2.19000      0.00000
      2.20000      0.00000
      2.22000      0.00000
      2.24000      0.00000
      2.26000      0.00000
      2.27000      0.00000
      2.29000      0.00000
      2.31000      0.00000
      2.33000      0.00000
      2.35000      0.00000
      2.36000      0.00000
      2.38000      0.00000
      2.40000      0.00000
      2.42000      0.00000
      2.44000      0.00000
      2.46000      0.00000
      2.48000      0.00000
      2.50000      0.00000
      2.52000      0.00000
      2.54000      0.00000
      2.56000      0.00000
      2.58000      0.00000
      2.60000      0.00000
      2.62000      0.00000
      2.64000      0.00000
      2.66000      0.00000
      2.68000      0.00000
      2.70000      0.00000
      2.72000      0.00000
      2.74000      0.00000
      2.76000      0.00000
      2.78000      0.00000
      2.81000      0.00000
      2.83000      0.00000
      2.85000      0.00000
      2.87000      0.00000
      2.89000      0.00000
      2.92000      0.00000
      2.94000      0.00000
      2.96000      0.00000
      2.99000      0.00000
      3.01000      0.00000
      3.03000      0.00000
      3.06000      0.00000
      3.08000      0.00000
      3.10000      0.00000
      3.13000      0.00000
      3.15000      0.00000
      3.18000      0.00000
      3.20000      0.00000
      3.23000      0.00000
      3.25000      0.00000
      3.28000      0.00000
      3.30000      0.00000
      3.33000      0.00000
      3.36000      0.00000
      3.38000      0.00000
      3.41000      0.00000
      3.44000      0.00000
      3.46000      0.00000
      3.49000      0.00000
      3.52000      0.00000
      3.54000      0.00000
      3.57000      0.00000
      3.60000      0.00000
      3.63000      0.00000
      3.66000      0.00000
      3.68000      0.00000
      3.71000      0.00000
      3.74000      0.00000
      3.77000      0.00000
      3.80000      0.00000
      3.83000      0.00000
      3.86000      0.00000
      3.89000      0.00000
      3.92000      0.00000
      3.95000      0.00000
      3.98000      0.00000
      4.01000      0.00000
      4.05000      0.00000
      4.08000      0.00000
      4.11000      0.00000
      4.14000      0.00000
      4.17000      0.00000
      4.21000      0.00000
      4.24000      0.00000
      4.27000      0.00000
      4.30000      0.00000
      4.34000      0.00000
      4.37000      0.00000
      4.41000      0.00000
      4.44000      0.00000
      4.48000      0.00000
      4.51000      0.00000
      4.55000      0.00000
      4.58000      0.00000
      4.62000      0.00000
      4.65000      0.00000
      4.69000      0.00000
      4.73000      0.00000
      4.76000      0.00000
      4.80000      0.00000
      4.84000      0.00000
      4.88000      0.00000
      4.91000      0.00000
      4.95000      0.00000
      4.99000      0.00000
      5.03000      0.00000
      5.07000      0.00000
      5.11000      0.00000
      5.15000      0.00000
      5.19000      0.00000
      5.23000      0.00000
      5.27000      0.00000
      5.31000      0.00000
      5.35000      0.00000
      5.39000      0.00000
      5.44000      0.00000
      5.48000      0.00000
      5.52000      0.00000
      5.57000      0.00000
      5.61000      0.00000
      5.65000      0.00000
      5.70000      0.00000
      5.74000      0.00000
      5.79000      0.00000
      5.83000      0.00000
      5.88000      0.00000
      5.92000      0.00000
      5.97000      0.00000
      6.02000      0.00000
      6.06000      0.00000
      6.11000      0.00000
      6.16000      0.00000
      6.21000      0.00000
      6.25000      0.00000
      6.30000      0.00000
      6.35000      0.00000
      6.40000      0.00000
      6.45000      0.00000
      6.50000      0.00000
      6.55000      0.00000
      6.60000      0.00000
      6.66000      0.00000
      6.71000      0.00000
      6.76000      0.00000
      6.81000      0.00000
      6.87000      0.00000
      6.92000      0.00000
      6.97000      0.00000
      7.03000      0.00000
      7.08000      0.00000
      7.14000      0.00000
      7.19000      0.00000
      7.25000      0.00000
      7.31000      0.00000
      7.36000      0.00000
      7.42000      0.00000
      7.48000      0.00000
      7.54000      0.00000
      7.60000      0.00000
      7.66000      0.00000
      7.72000      0.00000
      7.78000      0.00000
      7.84000      0.00000
      7.90000      0.00000
      7.96000      0.00000
      8.02000      0.00000
      8.09000      0.00000
      8.15000      0.00000
      8.21000      0.00000
      8.28000      0.00000
      8.34000      0.00000
      8.41000      0.00000
      8.47000      0.00000
      8.54000      0.00000
      8.60000      0.00000
      8.67000      0.00000
      8.74000      0.00000
      8.81000      0.00000
      8.88000      0.00000
      8.95000      0.00000
      9.02000      0.00000
      9.09000      0.00000
      9.16000      0.00000
      9.23000      0.00000
      9.30000      0.00000
      9.37000      0.00000
      9.45000      0.00000
      9.52000      0.00000
      9.59000      0.00000
      9.67000      0.00000
      9.75000      0.00000
      9.82000      0.00000
      9.90000      0.00000
      9.98000      0.00000
      10.0500      0.00000
      10.1300      0.00000
      10.2100      0.00000
      10.2900      0.00000
      10.3700      0.00000
      10.4500      0.00000
      10.5300      0.00000
      10.6200      0.00000
      10.7000      0.00000
      10.7800      0.00000
      10.8700      0.00000
      10.9500      0.00000
      11.0400      0.00000
      11.1200      0.00000
      11.2100      0.00000
      11.3000      0.00000
      11.3900      0.00000
      11.4700      0.00000
      11.5600      0.00000
      11.6500      0.00000
      11.7500      0.00000
      11.8400      0.00000
      11.9300      0.00000
      12.0200      0.00000
      12.1200      0.00000
      12.2100      0.00000
      12.3100      0.00000
      12.4000      0.00000
      12.5000      0.00000
      12.6000      0.00000
      12.7000      0.00000
      12.8000      0.00000
      12.9000      0.00000
      13.0000      0.00000
      13.1000      0.00000
      13.2000      0.00000
      13.3000      0.00000
      13.4100      0.00000
      13.5100      0.00000
      13.6200      0.00000
      13.7200      0.00000
      13.8300      0.00000
      13.9400      0.00000
      14.0500      0.00000
      14.1600      0.00000
      14.2700      0.00000
      14.3800      0.00000
      14.4900      0.00000
      14.6100      0.00000
      14.7200      0.00000
      14.8300      0.00000
      14.9500      0.00000
      15.0700      0.00000
      15.1800      0.00000
      15.3000      0.00000
      15.4200      0.00000
      15.5400      0.00000
      15.6600      0.00000
      15.7900      0.00000
      15.9100      0.00000
      16.0300      0.00000
      16.1600      0.00000
      16.2900      0.00000
      16.4100      0.00000
      16.5400      0.00000
      16.6700      0.00000
      16.8000      0.00000
      16.9300      0.00000
      17.0600      0.00000
      17.2000      0.00000
      17.3300      0.00000
      17.4700      0.00000
      17.6000      0.00000
      17.7400      0.00000
      17.8800      0.00000
      18.0200      0.00000
      18.1600      0.00000
      18.3000      0.00000
      18.4400      0.00000
      18.5900      0.00000
      18.7300      0.00000
      18.8800      0.00000
      19.0300      0.00000
      19.1800      0.00000
      19.3300      0.00000
      19.4800      0.00000
      19.6300      0.00000
      19.7800      0.00000
      19.9400      0.00000
      20.0900      0.00000
      20.2500      0.00000
      20.4100      0.00000
      20.5700      0.00000
      20.7300      0.00000
      20.8900      0.00000
      21.0500      0.00000
      21.2200      0.00000
      21.3800      0.00000
      21.5500      0.00000
      21.7200      0.00000
      21.8900      0.00000
      22.0600      0.00000
      22.2300      0.00000
      22.4100      0.00000
      22.5800      0.00000
      22.7600      0.00000
      22.9300      0.00000
      23.1100      0.00000
      23.2900      0.00000
      23.4800      0.00000
      23.6600      0.00000
      23.8400      0.00000
      24.0300      0.00000
      24.2200      0.00000
      24.4100      0.00000
      24.6000      0.00000
      24.7900      0.00000
      24.9800      0.00000
      25.1800      0.00000
      25.3800      0.00000
      25.5700      0.00000
      25.7700      0.00000
      25.9800      0.00000
      26.1800      0.00000
      26.3800      0.00000
      26.5900      0.00000
      26.8000      0.00000
      27.0100      0.00000
      27.2200      0.00000
      27.4300      0.00000
      27.6400      0.00000
      27.8600      0.00000
      28.0800      0.00000
      28.3000      0.00000
      28.5200      0.00000
      28.7400      0.00000
      28.9700      0.00000
      29.1900      0.00000
      29.4200      0.00000
      29.6500      0.00000
      29.8800      0.00000
      30.1100      0.00000
      30.3500   0.01000000
      30.5900   0.01000000
      30.8300   0.01000000
      31.0700   0.01000000
      31.3100   0.01000000
      31.5500   0.01000000
      31.8000   0.01000000
      32.0500    0.0200000
      32.3000    0.0200000
      32.5500    0.0200000
      32.8100    0.0200000
      33.0600    0.0200000
      33.3200    0.0200000
      33.5800    0.0200000
      33.8400    0.0200000
      34.1100    0.0200000
      34.3700    0.0200000
      34.6400   0.01000000
      34.9100   0.01000000
      35.1800   0.01000000
      35.4600   0.01000000
      35.7400   0.01000000
      36.0200      0.00000
      36.3000      0.00000
      36.5800      0.00000
      36.8700      0.00000
      37.1500      0.00000
      37.4400      0.00000
      37.7400      0.00000
      38.0300    0.0300000
      38.3300    0.0600000
      38.6300    0.0900000
      38.9300     0.110000
      39.2300     0.130000
      39.5400     0.160000
      39.8500     0.190000
      40.1600     0.220000
      40.4700     0.240000
      40.7900     0.270000
      41.1100     0.300000
      41.4300     0.340000
      41.7500     0.370000
      42.0800     0.390000
      42.4100     0.420000
      42.7400     0.450000
      43.0700     0.480000
      43.4100     0.500000
      43.7500     0.530000
      44.0900     0.560000
      44.4400     0.590000
      44.7800     0.620000
      45.1300     0.650000
      45.4900     0.670000
      45.8400     0.690000
      46.2000     0.700000
      46.5600     0.720000
      46.9200     0.730000
      47.2900     0.740000
      47.6600     0.750000
      48.0300     0.760000
      48.4100     0.770000
      48.7800     0.780000
      49.1700     0.790000
      49.5500     0.800000
      49.9400     0.810000
      50.3300     0.830000
      50.7200     0.840000
      51.1200     0.850000
      51.5200     0.860000
      51.9200     0.870000
      52.3200     0.880000
      52.7300     0.890000
      53.1400     0.890000
      53.5600     0.890000
      53.9800     0.890000
      54.4000     0.900000
      54.8200     0.900000
      55.2500     0.910000
      55.6800     0.920000
      56.1200     0.940000
      56.5600     0.960000
      57.0000     0.970000
      57.4400     0.980000
      57.8900     0.980000
      58.3500     0.990000
      58.8000     0.990000
      59.2600     0.990000
      59.7200     0.990000
      60.1900      1.00000
      60.6600      1.00000
      61.1300      1.00000
      61.6100      1.00000
      62.0900      1.00000
      62.5800      1.00000
      63.0700     0.970000
      63.5600     0.950000
      64.0600     0.930000
      64.5600     0.900000
      65.0600     0.880000
      65.5700     0.840000
      66.0800     0.800000
      66.6000     0.770000
      67.1200     0.730000
      67.6400     0.690000
      68.1700     0.660000
      68.7000     0.620000
      69.2400     0.580000
      69.7800     0.550000
      70.3200     0.520000
      70.8700     0.490000
      71.4300     0.460000
      71.9900     0.420000
      72.5500     0.370000
      73.1100     0.320000
      73.6900     0.270000
      74.2600     0.230000
      74.8400     0.200000
      75.4300     0.170000
      76.0100     0.140000
      76.6100     0.100000
      77.2100    0.0800000
      77.8100    0.0700000
      78.4200    0.0600000
      79.0300    0.0400000
      79.6500    0.0300000
      80.2700    0.0200000
      80.9000   0.01000000
      81.5300   0.01000000
      82.1700      0.00000
      82.8100      0.00000
      83.4500      0.00000
      84.1100      0.00000
      84.7600      0.00000
      85.4300      0.00000
      86.0900      0.00000
      86.7600      0.00000
      87.4400      0.00000
      88.1300      0.00000
      88.8100      0.00000
      89.5100      0.00000
      90.2100      0.00000
      90.9100      0.00000
      91.6200      0.00000
      92.3400      0.00000
      93.0600      0.00000
      93.7900      0.00000
      94.5200      0.00000
      95.2600      0.00000
      96.0000      0.00000
      96.7500      0.00000
      97.5100      0.00000
      98.2700      0.00000
      99.0400      0.00000
      99.8100      0.00000
      100.590      0.00000
      101.370      0.00000
      102.170      0.00000
      102.960      0.00000
      103.770      0.00000
      104.580      0.00000
      105.400      0.00000
      106.220      0.00000
      107.050      0.00000
      107.890      0.00000
      108.730      0.00000
      109.580      0.00000
      110.430      0.00000
      111.300      0.00000
      112.170      0.00000
      113.040      0.00000
      113.920      0.00000
      114.810      0.00000
      115.710      0.00000
      116.620      0.00000
      117.530      0.00000
      118.440      0.00000
      119.370      0.00000
      120.300      0.00000
      121.240      0.00000
      122.190      0.00000
      123.140      0.00000
      124.100      0.00000
      125.070      0.00000
      126.050      0.00000
      127.040      0.00000
      128.030      0.00000
      129.030      0.00000
      130.040      0.00000
      131.050      0.00000
      132.080      0.00000
      133.110      0.00000
      134.150      0.00000
      135.190      0.00000
      136.250      0.00000
      137.320      0.00000
      138.390      0.00000
      139.470      0.00000
      140.560      0.00000
      141.660      0.00000
      142.760      0.00000
      143.880      0.00000
      145.000      0.00000
      146.130      0.00000
      147.280      0.00000
      148.430      0.00000
      149.590      0.00000
      150.750      0.00000
      151.930      0.00000
      153.120      0.00000
      154.310      0.00000
      155.520      0.00000
      156.730      0.00000
      157.960      0.00000
      159.190      0.00000
      160.440      0.00000
      161.690      0.00000
      162.950      0.00000
      164.230      0.00000
      165.510      0.00000
      166.800      0.00000
      168.100      0.00000
      169.420      0.00000
      170.740      0.00000
      172.070      0.00000
      173.420      0.00000
      174.770      0.00000
      176.140      0.00000
      177.510      0.00000
      178.900      0.00000
      180.300      0.00000
      181.710      0.00000
      183.130      0.00000
      184.560      0.00000
      186.000      0.00000
      187.450      0.00000
      188.920      0.00000
      190.390      0.00000
      191.880      0.00000
      193.380      0.00000
      194.890      0.00000
      196.410      0.00000
      197.940      0.00000
      199.490      0.00000
      201.050      0.00000
      202.620      0.00000
      204.200      0.00000
      205.800      0.00000
      207.400      0.00000
      209.020      0.00000
      210.660      0.00000
      212.300      0.00000
      213.960      0.00000
      215.630      0.00000
      217.320      0.00000
      219.010      0.00000
      220.720      0.00000
      222.450      0.00000
      224.190      0.00000
      225.940      0.00000
      227.700      0.00000
      229.480      0.00000
      231.270      0.00000
      233.080      0.00000
      234.900      0.00000
      236.740      0.00000
      238.590      0.00000
      240.450      0.00000
      242.330      0.00000
      244.220      0.00000
      246.130      0.00000
      248.050      0.00000
      249.990      0.00000
      251.940      0.00000
      253.910      0.00000
      255.890      0.00000
      257.890      0.00000
      259.910      0.00000
      261.940      0.00000
      263.980      0.00000
      266.040      0.00000
      268.120      0.00000
      270.220      0.00000
      272.330      0.00000
      274.450      0.00000
      276.600      0.00000
      278.760      0.00000
      280.940      0.00000
      283.130      0.00000
      285.340      0.00000
      287.570      0.00000
      289.820      0.00000
      292.080      0.00000
      294.360      0.00000
      296.660      0.00000
      298.980      0.00000
      301.310      0.00000
      303.670      0.00000
      306.040      0.00000
      308.430      0.00000
      310.840      0.00000
      313.270      0.00000
      315.720      0.00000
      318.180      0.00000
      320.670      0.00000
      323.170      0.00000
      325.700      0.00000
      328.240      0.00000
      330.800      0.00000
      333.390      0.00000
      335.990      0.00000
      338.620      0.00000
      341.260      0.00000
      343.930      0.00000
      346.610      0.00000
      349.320      0.00000
      352.050      0.00000
      354.800      0.00000
      357.570      0.00000
      360.360      0.00000
      363.180      0.00000
      366.020      0.00000
      368.880      0.00000
      371.760      0.00000
      374.660      0.00000
      377.590      0.00000
      380.540      0.00000
      383.510      0.00000
      386.510      0.00000
      389.520      0.00000
      392.570      0.00000
      395.630      0.00000
      398.720      0.00000
      401.840      0.00000
      404.980      0.00000
      408.140      0.00000
      411.330      0.00000
      414.540      0.00000
      417.780      0.00000
      421.040      0.00000
      424.330      0.00000
      427.650      0.00000
      430.990      0.00000
      434.350      0.00000
      437.750      0.00000
      441.170      0.00000
      444.610      0.00000
      448.080      0.00000
      451.590      0.00000
      455.110      0.00000
      458.670      0.00000
      462.250      0.00000
      465.860      0.00000
      469.500      0.00000
      473.170      0.00000
      476.860      0.00000
      480.590      0.00000
      484.340      0.00000
      488.130      0.00000
      491.940      0.00000
      495.780      0.00000
      499.650      0.00000
