      840.000      0.00000
      841.000      0.00000
      842.000      0.00000
      843.000      0.00000
      844.000      0.00000
      845.000      0.00000
      846.000      0.00000
      847.000      0.00000
      848.000      0.00000
      849.000      0.00000
      850.000      0.00000
      851.000      0.00000
      852.000      0.00000
      853.000      0.00000
      854.000      0.00000
      855.000      0.00000
      856.000      0.00000
      857.000      0.00000
      858.000      0.00000
      859.000      0.00000
      860.000      0.00000
      861.000      0.00000
      862.000      0.00000
      863.000      0.00000
      864.000      0.00000
      865.000      0.00000
      866.000      0.00000
      867.000      0.00000
      868.000      0.00000
      869.000      0.00000
      870.000      0.00000
      871.000      0.00000
      872.000      0.00000
      873.000      0.00000
      874.000      0.00000
      875.000      0.00000
      876.000      0.00000
      877.000      0.00000
      878.000      0.00000
      879.000      0.00000
      880.000      0.00000
      881.000      0.00000
      882.000      0.00000
      883.000      0.00000
      884.000      0.00000
      885.000      0.00000
      886.000      0.00000
      887.000      0.00000
      888.000      0.00000
      889.000      0.00000
      890.000      0.00000
      891.000      0.00000
      892.000      0.00000
      893.000      0.00000
      894.000      0.00000
      895.000      0.00000
      896.000      0.00000
      897.000      0.00000
      898.000      0.00000
      899.000      0.00000
      900.000      0.00000
      901.000      0.00000
      902.000      0.00000
      903.000      0.00000
      904.000      0.00000
      905.000      0.00000
      906.000      0.00000
      907.000      0.00000
      908.000      0.00000
      909.000      0.00000
      910.000      0.00000
      911.000      0.00000
      912.000      0.00000
      913.000      0.00000
      914.000      0.00000
      915.000      0.00000
      916.000      0.00000
      917.000      0.00000
      918.000      0.00000
      919.000      0.00000
      920.000      0.00000
      921.000      0.00000
      922.000      0.00000
      923.000      0.00000
      924.000      0.00000
      925.000      0.00000
      926.000      0.00000
      927.000      0.00000
      928.000      0.00000
      929.000      0.00000
      930.000      0.00000
      931.000      0.00000
      932.000      0.00000
      933.000      0.00000
      934.000      0.00000
      935.000      0.00000
      936.000      0.00000
      937.000      0.00000
      938.000      0.00000
      939.000      0.00000
      940.000      0.00000
      941.000      0.00000
      942.000      0.00000
      943.000      0.00000
      944.000      0.00000
      945.000      0.00000
      946.000      0.00000
      947.000      0.00000
      948.000      0.00000
      949.000      0.00000
      950.000      0.00000
      951.000      0.00000
      952.000      0.00000
      953.000      0.00000
      954.000      0.00000
      955.000      0.00000
      956.000      0.00000
      957.000      0.00000
      958.000      0.00000
      959.000      0.00000
      960.000      0.00000
      961.000      0.00000
      962.000      0.00000
      963.000      0.00000
      964.000      0.00000
      965.000      0.00000
      966.000      0.00000
      967.000      0.00000
      968.000      0.00000
      969.000      0.00000
      970.000      0.00000
      971.000      0.00000
      972.000      0.00000
      973.000      0.00000
      974.000      0.00000
      975.000      0.00000
      976.000      0.00000
      977.000      0.00000
      978.000      0.00000
      979.000      0.00000
      980.000      0.00000
      981.000      0.00000
      982.000      0.00000
      983.000      0.00000
      984.000      0.00000
      985.000      0.00000
      986.000      0.00000
      987.000      0.00000
      988.000      0.00000
      989.000      0.00000
      990.000      0.00000
      991.000      0.00000
      992.000      0.00000
      993.000      0.00000
      994.000      0.00000
      995.000      0.00000
      996.000      0.00000
      997.000      0.00000
      998.000      0.00000
      999.000      0.00000
      1000.00      0.00000
      1001.00      0.00000
      1002.00      0.00000
      1003.00      0.00000
      1004.00      0.00000
      1005.00      0.00000
      1006.00      0.00000
      1007.00      0.00000
      1008.00      0.00000
      1009.00      0.00000
      1010.00      0.00000
      1011.00      0.00000
      1012.00      0.00000
      1013.00      0.00000
      1014.00      0.00000
      1015.00      0.00000
      1016.00      0.00000
      1017.00      0.00000
      1018.00      0.00000
      1019.00      0.00000
      1020.00      0.00000
      1021.00      1.00000
      1022.00      1.00000
      1023.00      1.00000
      1024.00      1.00000
      1025.00      1.00000
      1026.00      1.00000
      1027.00      1.00000
      1028.00      1.00000
      1029.00      1.00000
      1030.00      1.00000
      1031.00      1.00000
      1032.00      1.00000
      1033.00      1.00000
      1034.00      1.00000
      1035.00      1.00000
      1036.00      1.00000
      1037.00      1.00000
      1038.00      1.00000
      1039.00      1.00000
      1040.00      1.00000
      1041.00      1.00000
      1042.00      1.00000
      1043.00      1.00000
      1044.00      1.00000
      1045.00      1.00000
      1046.00      1.00000
      1047.00      1.00000
      1048.00      1.00000
      1049.00      1.00000
      1050.00      1.00000
      1051.00      1.00000
      1052.00      1.00000
      1053.00      1.00000
      1054.00      1.00000
      1055.00      1.00000
      1056.00      1.00000
      1057.00      1.00000
      1058.00      1.00000
      1059.00      1.00000
      1060.00      1.00000
      1061.00      1.00000
      1062.00      1.00000
      1063.00      1.00000
      1064.00      1.00000
      1065.00      1.00000
      1066.00      1.00000
      1067.00      1.00000
      1068.00      1.00000
      1069.00      1.00000
      1070.00      1.00000
      1071.00      1.00000
      1072.00      1.00000
      1073.00      1.00000
      1074.00      1.00000
      1075.00      1.00000
      1076.00      1.00000
      1077.00      1.00000
      1078.00      1.00000
      1079.00      1.00000
      1080.00      1.00000
      1081.00      1.00000
      1082.00      1.00000
      1083.00      1.00000
      1084.00      1.00000
      1085.00      1.00000
      1086.00      1.00000
      1087.00      1.00000
      1088.00      1.00000
      1089.00      1.00000
      1090.00      1.00000
      1091.00      1.00000
      1092.00      1.00000
      1093.00      1.00000
      1094.00      1.00000
      1095.00      1.00000
      1096.00      1.00000
      1097.00      1.00000
      1098.00      1.00000
      1099.00      1.00000
      1100.00      1.00000
      1101.00      1.00000
      1102.00      1.00000
      1103.00      1.00000
      1104.00      1.00000
      1105.00      1.00000
      1106.00      1.00000
      1107.00      1.00000
      1108.00      1.00000
      1109.00      1.00000
      1110.00      1.00000
      1111.00      1.00000
      1112.00      1.00000
      1113.00      1.00000
      1114.00      1.00000
      1115.00      1.00000
      1116.00      1.00000
      1117.00      1.00000
      1118.00      1.00000
      1119.00      1.00000
      1120.00      1.00000
      1121.00      1.00000
      1122.00      1.00000
      1123.00      1.00000
      1124.00      1.00000
      1125.00      1.00000
      1126.00      1.00000
      1127.00      1.00000
      1128.00      1.00000
      1129.00      1.00000
      1130.00      1.00000
      1131.00      1.00000
      1132.00      1.00000
      1133.00      1.00000
      1134.00      1.00000
      1135.00      1.00000
      1136.00      1.00000
      1137.00      1.00000
      1138.00      1.00000
      1139.00      1.00000
      1140.00      1.00000
      1141.00      1.00000
      1142.00      1.00000
      1143.00      1.00000
      1144.00      1.00000
      1145.00      1.00000
      1146.00      1.00000
      1147.00      1.00000
      1148.00      1.00000
      1149.00      1.00000
      1150.00      1.00000
      1151.00      1.00000
      1152.00      1.00000
      1153.00      1.00000
      1154.00      1.00000
      1155.00      1.00000
      1156.00      1.00000
      1157.00      1.00000
      1158.00      1.00000
      1159.00      1.00000
      1160.00      1.00000
      1161.00      1.00000
      1162.00      1.00000
      1163.00      1.00000
      1164.00      1.00000
      1165.00      1.00000
      1166.00      1.00000
      1167.00      1.00000
      1168.00      1.00000
      1169.00      1.00000
      1170.00      1.00000
      1171.00      1.00000
      1172.00      1.00000
      1173.00      1.00000
      1174.00      1.00000
      1175.00      1.00000
      1176.00      1.00000
      1177.00      1.00000
      1178.00      1.00000
      1179.00      1.00000
      1180.00      1.00000
      1181.00      1.00000
      1182.00      1.00000
      1183.00      1.00000
      1184.00      1.00000
      1185.00      1.00000
      1186.00      1.00000
      1187.00      1.00000
      1188.00      1.00000
      1189.00      1.00000
      1190.00      1.00000
      1191.00      1.00000
      1192.00      1.00000
      1193.00      1.00000
      1194.00      1.00000
      1195.00      1.00000
      1196.00      1.00000
      1197.00      1.00000
      1198.00      1.00000
      1199.00      1.00000
      1200.00      1.00000
      1201.00      1.00000
      1202.00      1.00000
      1203.00      1.00000
      1204.00      1.00000
      1205.00      1.00000
      1206.00      1.00000
      1207.00      1.00000
      1208.00      1.00000
      1209.00      1.00000
      1210.00      1.00000
      1211.00      1.00000
      1212.00      1.00000
      1213.00      1.00000
      1214.00      1.00000
      1215.00      1.00000
      1216.00      1.00000
      1217.00      1.00000
      1218.00      1.00000
      1219.00      1.00000
      1220.00      1.00000
      1221.00      1.00000
      1222.00      1.00000
      1223.00      1.00000
      1224.00      1.00000
      1225.00      1.00000
      1226.00      1.00000
      1227.00      1.00000
      1228.00      1.00000
      1229.00      1.00000
      1230.00      1.00000
      1231.00      1.00000
      1232.00      1.00000
      1233.00      1.00000
      1234.00      1.00000
      1235.00      1.00000
      1236.00      1.00000
      1237.00      1.00000
      1238.00      1.00000
      1239.00      1.00000
      1240.00      1.00000
      1241.00      1.00000
      1242.00      1.00000
      1243.00      1.00000
      1244.00      1.00000
      1245.00      1.00000
      1246.00      1.00000
      1247.00      1.00000
      1248.00      1.00000
      1249.00      1.00000
      1250.00      1.00000
      1251.00      1.00000
      1252.00      1.00000
      1253.00      1.00000
      1254.00      1.00000
      1255.00      1.00000
      1256.00      1.00000
      1257.00      1.00000
      1258.00      1.00000
      1259.00      1.00000
      1260.00      1.00000
      1261.00      1.00000
      1262.00      1.00000
      1263.00      1.00000
      1264.00      1.00000
      1265.00      1.00000
      1266.00      1.00000
      1267.00      1.00000
      1268.00      1.00000
      1269.00      1.00000
      1270.00      1.00000
      1271.00      1.00000
      1272.00      1.00000
      1273.00      1.00000
      1274.00      1.00000
      1275.00      1.00000
      1276.00      1.00000
      1277.00      1.00000
      1278.00      1.00000
      1279.00      1.00000
      1280.00      1.00000
      1281.00      1.00000
      1282.00      1.00000
      1283.00      1.00000
      1284.00      1.00000
      1285.00      1.00000
      1286.00      1.00000
      1287.00      1.00000
      1288.00      1.00000
      1289.00      1.00000
      1290.00      1.00000
      1291.00      1.00000
      1292.00      1.00000
      1293.00      1.00000
      1294.00      1.00000
      1295.00      1.00000
      1296.00      1.00000
      1297.00      1.00000
      1298.00      1.00000
      1299.00      1.00000
      1300.00      1.00000
      1301.00      1.00000
      1302.00      1.00000
      1303.00      1.00000
      1304.00      1.00000
      1305.00      1.00000
      1306.00      1.00000
      1307.00      1.00000
      1308.00      1.00000
      1309.00      1.00000
      1310.00      1.00000
      1311.00      1.00000
      1312.00      1.00000
      1313.00      1.00000
      1314.00      1.00000
      1315.00      1.00000
      1316.00      1.00000
      1317.00      1.00000
      1318.00      1.00000
      1319.00      1.00000
      1320.00      1.00000
      1321.00      1.00000
      1322.00      1.00000
      1323.00      1.00000
      1324.00      1.00000
      1325.00      1.00000
      1326.00      1.00000
      1327.00      1.00000
      1328.00      1.00000
      1329.00      1.00000
      1330.00      1.00000
      1331.00      1.00000
      1332.00      1.00000
      1333.00      1.00000
      1334.00      1.00000
      1335.00      1.00000
      1336.00      1.00000
      1337.00      1.00000
      1338.00      1.00000
      1339.00      1.00000
      1340.00      1.00000
      1341.00      1.00000
      1342.00      1.00000
      1343.00      1.00000
      1344.00      1.00000
      1345.00      1.00000
      1346.00      1.00000
      1347.00      1.00000
      1348.00      1.00000
      1349.00      1.00000
      1350.00      1.00000
      1351.00      1.00000
      1352.00      1.00000
      1353.00      1.00000
      1354.00      1.00000
      1355.00      1.00000
      1356.00      1.00000
      1357.00      1.00000
      1358.00      1.00000
      1359.00      1.00000
      1360.00      1.00000
      1361.00      1.00000
      1362.00      1.00000
      1363.00      1.00000
      1364.00      1.00000
      1365.00      1.00000
      1366.00      1.00000
      1367.00      1.00000
      1368.00      1.00000
      1369.00      1.00000
      1370.00      1.00000
      1371.00      1.00000
      1372.00      1.00000
      1373.00      1.00000
      1374.00      1.00000
      1375.00      1.00000
      1376.00      1.00000
      1377.00      1.00000
      1378.00      1.00000
      1379.00      1.00000
      1380.00      0.00000
      1381.00      0.00000
      1382.00      0.00000
      1383.00      0.00000
      1384.00      0.00000
      1385.00      0.00000
      1386.00      0.00000
      1387.00      0.00000
      1388.00      0.00000
      1389.00      0.00000
      1390.00      0.00000
      1391.00      0.00000
      1392.00      0.00000
      1393.00      0.00000
      1394.00      0.00000
      1395.00      0.00000
      1396.00      0.00000
      1397.00      0.00000
      1398.00      0.00000
      1399.00      0.00000
      1400.00      0.00000
      1401.00      0.00000
      1402.00      0.00000
      1403.00      0.00000
      1404.00      0.00000
      1405.00      0.00000
      1406.00      0.00000
      1407.00      0.00000
      1408.00      0.00000
      1409.00      0.00000
      1410.00      0.00000
      1411.00      0.00000
      1412.00      0.00000
      1413.00      0.00000
      1414.00      0.00000
      1415.00      0.00000
      1416.00      0.00000
      1417.00      0.00000
      1418.00      0.00000
      1419.00      0.00000
      1420.00      0.00000
      1421.00      0.00000
      1422.00      0.00000
      1423.00      0.00000
      1424.00      0.00000
      1425.00      0.00000
      1426.00      0.00000
      1427.00      0.00000
      1428.00      0.00000
      1429.00      0.00000
      1430.00      0.00000
      1431.00      0.00000
      1432.00      0.00000
      1433.00      0.00000
      1434.00      0.00000
      1435.00      0.00000
      1436.00      0.00000
      1437.00      0.00000
      1438.00      0.00000
      1439.00      0.00000
      1440.00      0.00000
      1441.00      0.00000
      1442.00      0.00000
      1443.00      0.00000
      1444.00      0.00000
      1445.00      0.00000
      1446.00      0.00000
      1447.00      0.00000
      1448.00      0.00000
      1449.00      0.00000
      1450.00      0.00000
      1451.00      0.00000
      1452.00      0.00000
      1453.00      0.00000
      1454.00      0.00000
      1455.00      0.00000
      1456.00      0.00000
      1457.00      0.00000
      1458.00      0.00000
      1459.00      0.00000
      1460.00      0.00000
      1461.00      0.00000
      1462.00      0.00000
      1463.00      0.00000
      1464.00      0.00000
      1465.00      0.00000
      1466.00      0.00000
      1467.00      0.00000
      1468.00      0.00000
      1469.00      0.00000
      1470.00      0.00000
      1471.00      0.00000
      1472.00      0.00000
      1473.00      0.00000
      1474.00      0.00000
      1475.00      0.00000
      1476.00      0.00000
      1477.00      0.00000
      1478.00      0.00000
      1479.00      0.00000
      1480.00      0.00000
      1481.00      0.00000
      1482.00      0.00000
      1483.00      0.00000
      1484.00      0.00000
      1485.00      0.00000
      1486.00      0.00000
      1487.00      0.00000
      1488.00      0.00000
      1489.00      0.00000
      1490.00      0.00000
      1491.00      0.00000
      1492.00      0.00000
      1493.00      0.00000
      1494.00      0.00000
      1495.00      0.00000
      1496.00      0.00000
      1497.00      0.00000
      1498.00      0.00000
      1499.00      0.00000
      1500.00      0.00000
      1501.00      0.00000
      1502.00      0.00000
      1503.00      0.00000
      1504.00      0.00000
      1505.00      0.00000
      1506.00      0.00000
      1507.00      0.00000
      1508.00      0.00000
      1509.00      0.00000
      1510.00      0.00000
      1511.00      0.00000
      1512.00      0.00000
      1513.00      0.00000
      1514.00      0.00000
      1515.00      0.00000
      1516.00      0.00000
      1517.00      0.00000
      1518.00      0.00000
      1519.00      0.00000
      1520.00      0.00000
      1521.00      0.00000
      1522.00      0.00000
      1523.00      0.00000
      1524.00      0.00000
      1525.00      0.00000
      1526.00      0.00000
      1527.00      0.00000
      1528.00      0.00000
      1529.00      0.00000
      1530.00      0.00000
      1531.00      0.00000
      1532.00      0.00000
      1533.00      0.00000
      1534.00      0.00000
      1535.00      0.00000
      1536.00      0.00000
      1537.00      0.00000
      1538.00      0.00000
      1539.00      0.00000
      1540.00      0.00000
      1541.00      0.00000
      1542.00      0.00000
      1543.00      0.00000
      1544.00      0.00000
      1545.00      0.00000
      1546.00      0.00000
      1547.00      0.00000
      1548.00      0.00000
      1549.00      0.00000
      1550.00      0.00000
      1551.00      0.00000
      1552.00      0.00000
      1553.00      0.00000
      1554.00      0.00000
      1555.00      0.00000
      1556.00      0.00000
      1557.00      0.00000
      1558.00      0.00000
      1559.00      0.00000
      1560.00      0.00000
