 ================================================================================
                         FILTER: MM 2000 microns
    Institut d'Astrophysique Spatiale, Orsay http://wwwfirback.ias.u-psud.fr   
 ================================================================================
 This is the file MM_2000.DAT written by H. Dole on Sun Sep 24 17:02:58 2000
 
1550.00000   0.00000000
1551.00000   0.00000000
1552.00000   0.00000000
1553.00000   0.00000000
1554.00000   0.00000000
1555.00000   0.00000000
1556.00000   0.00000000
1557.00000   0.00000000
1558.00000   0.00000000
1559.00000   0.00000000
1560.00000   0.00000000
1561.00000   0.00000000
1562.00000   0.00000000
1563.00000   0.00000000
1564.00000   0.00000000
1565.00000   0.00000000
1566.00000   0.00000000
1567.00000   0.00000000
1568.00000   0.00000000
1569.00000   0.00000000
1570.00000   0.00000000
1571.00000   0.00000000
1572.00000   0.00000000
1573.00000   0.00000000
1574.00000   0.00000000
1575.00000   0.00000000
1576.00000   0.00000000
1577.00000   0.00000000
1578.00000   0.00000000
1579.00000   0.00000000
1580.00000   0.00000000
1581.00000   0.00000000
1582.00000   0.00000000
1583.00000   0.00000000
1584.00000   0.00000000
1585.00000   0.00000000
1586.00000   0.00000000
1587.00000   0.00000000
1588.00000   0.00000000
1589.00000   0.00000000
1590.00000   0.00000000
1591.00000   0.00000000
1592.00000   0.00000000
1593.00000   0.00000000
1594.00000   0.00000000
1595.00000   0.00000000
1596.00000   0.00000000
1597.00000   0.00000000
1598.00000   0.00000000
1599.00000   0.00000000
1600.00000   0.00000000
1601.00000   0.00000000
1602.00000   0.00000000
1603.00000   0.00000000
1604.00000   0.00000000
1605.00000   0.00000000
1606.00000   0.00000000
1607.00000   0.00000000
1608.00000   0.00000000
1609.00000   0.00000000
1610.00000   0.00000000
1611.00000   0.00000000
1612.00000   0.00000000
1613.00000   0.00000000
1614.00000   0.00000000
1615.00000   0.00000000
1616.00000   0.00000000
1617.00000   0.00000000
1618.00000   0.00000000
1619.00000   0.00000000
1620.00000   0.00000000
1621.00000   0.00000000
1622.00000   0.00000000
1623.00000   0.00000000
1624.00000   0.00000000
1625.00000   0.00000000
1626.00000   0.00000000
1627.00000   0.00000000
1628.00000   0.00000000
1629.00000   0.00000000
1630.00000   0.00000000
1631.00000   0.00000000
1632.00000   0.00000000
1633.00000   0.00000000
1634.00000   0.00000000
1635.00000   0.00000000
1636.00000   0.00000000
1637.00000   0.00000000
1638.00000   0.00000000
1639.00000   0.00000000
1640.00000   0.00000000
1641.00000   0.00000000
1642.00000   0.00000000
1643.00000   0.00000000
1644.00000   0.00000000
1645.00000   0.00000000
1646.00000   0.00000000
1647.00000   0.00000000
1648.00000   0.00000000
1649.00000   0.00000000
1650.00000   0.00000000
1651.00000   0.00000000
1652.00000   0.00000000
1653.00000   0.00000000
1654.00000   0.00000000
1655.00000   0.00000000
1656.00000   0.00000000
1657.00000   0.00000000
1658.00000   0.00000000
1659.00000   0.00000000
1660.00000   0.00000000
1661.00000   0.00000000
1662.00000   0.00000000
1663.00000   0.00000000
1664.00000   0.00000000
1665.00000   0.00000000
1666.00000   0.00000000
1667.00000   0.00000000
1668.00000   0.00000000
1669.00000   0.00000000
1670.00000   0.00000000
1671.00000   0.00000000
1672.00000   0.00000000
1673.00000   0.00000000
1674.00000   0.00000000
1675.00000   0.00000000
1676.00000   0.00000000
1677.00000   0.00000000
1678.00000   0.00000000
1679.00000   0.00000000
1680.00000   0.00000000
1681.00000   0.00000000
1682.00000   0.00000000
1683.00000   0.00000000
1684.00000   0.00000000
1685.00000   0.00000000
1686.00000   0.00000000
1687.00000   0.00000000
1688.00000   0.00000000
1689.00000   0.00000000
1690.00000   0.00000000
1691.00000   0.00000000
1692.00000   0.00000000
1693.00000   0.00000000
1694.00000   0.00000000
1695.00000   0.00000000
1696.00000   0.00000000
1697.00000   0.00000000
1698.00000   0.00000000
1699.00000   0.00000000
1700.00000   0.00000000
1701.00000   0.00000000
1702.00000   0.00000000
1703.00000   0.00000000
1704.00000   0.00000000
1705.00000   0.00000000
1706.00000   0.00000000
1707.00000   0.00000000
1708.00000   0.00000000
1709.00000   0.00000000
1710.00000   0.00000000
1711.00000   0.00000000
1712.00000   0.00000000
1713.00000   0.00000000
1714.00000   0.00000000
1715.00000   0.00000000
1716.00000   0.00000000
1717.00000   0.00000000
1718.00000   0.00000000
1719.00000   0.00000000
1720.00000   0.00000000
1721.00000   0.00000000
1722.00000   0.00000000
1723.00000   0.00000000
1724.00000   0.00000000
1725.00000   0.00000000
1726.00000   0.00000000
1727.00000   0.00000000
1728.00000   0.00000000
1729.00000   0.00000000
1730.00000   0.00000000
1731.00000   0.00000000
1732.00000   0.00000000
1733.00000   0.00000000
1734.00000   0.00000000
1735.00000   0.00000000
1736.00000   0.00000000
1737.00000   0.00000000
1738.00000   0.00000000
1739.00000   0.00000000
1740.00000   0.00000000
1741.00000   0.00000000
1742.00000   0.00000000
1743.00000   0.00000000
1744.00000   0.00000000
1745.00000   0.00000000
1746.00000   0.00000000
1747.00000   0.00000000
1748.00000   0.00000000
1749.00000   0.00000000
1750.00000   0.00000000
1751.00000   0.00000000
1752.00000   0.00000000
1753.00000   0.00000000
1754.00000   0.00000000
1755.00000   0.00000000
1756.00000   0.00000000
1757.00000   0.00000000
1758.00000   0.00000000
1759.00000   0.00000000
1760.00000   0.00000000
1761.00000   0.00000000
1762.00000   0.00000000
1763.00000   0.00000000
1764.00000   0.00000000
1765.00000   0.00000000
1766.00000   0.00000000
1767.00000   0.00000000
1768.00000   0.00000000
1769.00000   0.00000000
1770.00000   0.00000000
1771.00000   0.00000000
1772.00000   0.00000000
1773.00000   0.00000000
1774.00000   0.00000000
1775.00000   0.00000000
1776.00000   0.00000000
1777.00000   0.00000000
1778.00000   0.00000000
1779.00000   0.00000000
1780.00000   0.00000000
1781.00000   0.00000000
1782.00000   0.00000000
1783.00000   0.00000000
1784.00000   0.00000000
1785.00000   0.00000000
1786.00000   0.00000000
1787.00000   0.00000000
1788.00000   0.00000000
1789.00000   0.00000000
1790.00000   0.00000000
1791.00000   0.00000000
1792.00000   0.00000000
1793.00000   0.00000000
1794.00000   0.00000000
1795.00000   0.00000000
1796.00000   0.00000000
1797.00000   0.00000000
1798.00000   0.00000000
1799.00000   0.00000000
1800.00000   1.00000000
1801.00000   1.00000000
1802.00000   1.00000000
1803.00000   1.00000000
1804.00000   1.00000000
1805.00000   1.00000000
1806.00000   1.00000000
1807.00000   1.00000000
1808.00000   1.00000000
1809.00000   1.00000000
1810.00000   1.00000000
1811.00000   1.00000000
1812.00000   1.00000000
1813.00000   1.00000000
1814.00000   1.00000000
1815.00000   1.00000000
1816.00000   1.00000000
1817.00000   1.00000000
1818.00000   1.00000000
1819.00000   1.00000000
1820.00000   1.00000000
1821.00000   1.00000000
1822.00000   1.00000000
1823.00000   1.00000000
1824.00000   1.00000000
1825.00000   1.00000000
1826.00000   1.00000000
1827.00000   1.00000000
1828.00000   1.00000000
1829.00000   1.00000000
1830.00000   1.00000000
1831.00000   1.00000000
1832.00000   1.00000000
1833.00000   1.00000000
1834.00000   1.00000000
1835.00000   1.00000000
1836.00000   1.00000000
1837.00000   1.00000000
1838.00000   1.00000000
1839.00000   1.00000000
1840.00000   1.00000000
1841.00000   1.00000000
1842.00000   1.00000000
1843.00000   1.00000000
1844.00000   1.00000000
1845.00000   1.00000000
1846.00000   1.00000000
1847.00000   1.00000000
1848.00000   1.00000000
1849.00000   1.00000000
1850.00000   1.00000000
1851.00000   1.00000000
1852.00000   1.00000000
1853.00000   1.00000000
1854.00000   1.00000000
1855.00000   1.00000000
1856.00000   1.00000000
1857.00000   1.00000000
1858.00000   1.00000000
1859.00000   1.00000000
1860.00000   1.00000000
1861.00000   1.00000000
1862.00000   1.00000000
1863.00000   1.00000000
1864.00000   1.00000000
1865.00000   1.00000000
1866.00000   1.00000000
1867.00000   1.00000000
1868.00000   1.00000000
1869.00000   1.00000000
1870.00000   1.00000000
1871.00000   1.00000000
1872.00000   1.00000000
1873.00000   1.00000000
1874.00000   1.00000000
1875.00000   1.00000000
1876.00000   1.00000000
1877.00000   1.00000000
1878.00000   1.00000000
1879.00000   1.00000000
1880.00000   1.00000000
1881.00000   1.00000000
1882.00000   1.00000000
1883.00000   1.00000000
1884.00000   1.00000000
1885.00000   1.00000000
1886.00000   1.00000000
1887.00000   1.00000000
1888.00000   1.00000000
1889.00000   1.00000000
1890.00000   1.00000000
1891.00000   1.00000000
1892.00000   1.00000000
1893.00000   1.00000000
1894.00000   1.00000000
1895.00000   1.00000000
1896.00000   1.00000000
1897.00000   1.00000000
1898.00000   1.00000000
1899.00000   1.00000000
1900.00000   1.00000000
1901.00000   1.00000000
1902.00000   1.00000000
1903.00000   1.00000000
1904.00000   1.00000000
1905.00000   1.00000000
1906.00000   1.00000000
1907.00000   1.00000000
1908.00000   1.00000000
1909.00000   1.00000000
1910.00000   1.00000000
1911.00000   1.00000000
1912.00000   1.00000000
1913.00000   1.00000000
1914.00000   1.00000000
1915.00000   1.00000000
1916.00000   1.00000000
1917.00000   1.00000000
1918.00000   1.00000000
1919.00000   1.00000000
1920.00000   1.00000000
1921.00000   1.00000000
1922.00000   1.00000000
1923.00000   1.00000000
1924.00000   1.00000000
1925.00000   1.00000000
1926.00000   1.00000000
1927.00000   1.00000000
1928.00000   1.00000000
1929.00000   1.00000000
1930.00000   1.00000000
1931.00000   1.00000000
1932.00000   1.00000000
1933.00000   1.00000000
1934.00000   1.00000000
1935.00000   1.00000000
1936.00000   1.00000000
1937.00000   1.00000000
1938.00000   1.00000000
1939.00000   1.00000000
1940.00000   1.00000000
1941.00000   1.00000000
1942.00000   1.00000000
1943.00000   1.00000000
1944.00000   1.00000000
1945.00000   1.00000000
1946.00000   1.00000000
1947.00000   1.00000000
1948.00000   1.00000000
1949.00000   1.00000000
1950.00000   1.00000000
1951.00000   1.00000000
1952.00000   1.00000000
1953.00000   1.00000000
1954.00000   1.00000000
1955.00000   1.00000000
1956.00000   1.00000000
1957.00000   1.00000000
1958.00000   1.00000000
1959.00000   1.00000000
1960.00000   1.00000000
1961.00000   1.00000000
1962.00000   1.00000000
1963.00000   1.00000000
1964.00000   1.00000000
1965.00000   1.00000000
1966.00000   1.00000000
1967.00000   1.00000000
1968.00000   1.00000000
1969.00000   1.00000000
1970.00000   1.00000000
1971.00000   1.00000000
1972.00000   1.00000000
1973.00000   1.00000000
1974.00000   1.00000000
1975.00000   1.00000000
1976.00000   1.00000000
1977.00000   1.00000000
1978.00000   1.00000000
1979.00000   1.00000000
1980.00000   1.00000000
1981.00000   1.00000000
1982.00000   1.00000000
1983.00000   1.00000000
1984.00000   1.00000000
1985.00000   1.00000000
1986.00000   1.00000000
1987.00000   1.00000000
1988.00000   1.00000000
1989.00000   1.00000000
1990.00000   1.00000000
1991.00000   1.00000000
1992.00000   1.00000000
1993.00000   1.00000000
1994.00000   1.00000000
1995.00000   1.00000000
1996.00000   1.00000000
1997.00000   1.00000000
1998.00000   1.00000000
1999.00000   1.00000000
2000.00000   1.00000000
2001.00000   1.00000000
2002.00000   1.00000000
2003.00000   1.00000000
2004.00000   1.00000000
2005.00000   1.00000000
2006.00000   1.00000000
2007.00000   1.00000000
2008.00000   1.00000000
2009.00000   1.00000000
2010.00000   1.00000000
2011.00000   1.00000000
2012.00000   1.00000000
2013.00000   1.00000000
2014.00000   1.00000000
2015.00000   1.00000000
2016.00000   1.00000000
2017.00000   1.00000000
2018.00000   1.00000000
2019.00000   1.00000000
2020.00000   1.00000000
2021.00000   1.00000000
2022.00000   1.00000000
2023.00000   1.00000000
2024.00000   1.00000000
2025.00000   1.00000000
2026.00000   1.00000000
2027.00000   1.00000000
2028.00000   1.00000000
2029.00000   1.00000000
2030.00000   1.00000000
2031.00000   1.00000000
2032.00000   1.00000000
2033.00000   1.00000000
2034.00000   1.00000000
2035.00000   1.00000000
2036.00000   1.00000000
2037.00000   1.00000000
2038.00000   1.00000000
2039.00000   1.00000000
2040.00000   1.00000000
2041.00000   1.00000000
2042.00000   1.00000000
2043.00000   1.00000000
2044.00000   1.00000000
2045.00000   1.00000000
2046.00000   1.00000000
2047.00000   1.00000000
2048.00000   1.00000000
2049.00000   1.00000000
2050.00000   1.00000000
2051.00000   1.00000000
2052.00000   1.00000000
2053.00000   1.00000000
2054.00000   1.00000000
2055.00000   1.00000000
2056.00000   1.00000000
2057.00000   1.00000000
2058.00000   1.00000000
2059.00000   1.00000000
2060.00000   1.00000000
2061.00000   1.00000000
2062.00000   1.00000000
2063.00000   1.00000000
2064.00000   1.00000000
2065.00000   1.00000000
2066.00000   1.00000000
2067.00000   1.00000000
2068.00000   1.00000000
2069.00000   1.00000000
2070.00000   1.00000000
2071.00000   1.00000000
2072.00000   1.00000000
2073.00000   1.00000000
2074.00000   1.00000000
2075.00000   1.00000000
2076.00000   1.00000000
2077.00000   1.00000000
2078.00000   1.00000000
2079.00000   1.00000000
2080.00000   1.00000000
2081.00000   1.00000000
2082.00000   1.00000000
2083.00000   1.00000000
2084.00000   1.00000000
2085.00000   1.00000000
2086.00000   1.00000000
2087.00000   1.00000000
2088.00000   1.00000000
2089.00000   1.00000000
2090.00000   1.00000000
2091.00000   1.00000000
2092.00000   1.00000000
2093.00000   1.00000000
2094.00000   1.00000000
2095.00000   1.00000000
2096.00000   1.00000000
2097.00000   1.00000000
2098.00000   1.00000000
2099.00000   1.00000000
2100.00000   1.00000000
2101.00000   1.00000000
2102.00000   1.00000000
2103.00000   1.00000000
2104.00000   1.00000000
2105.00000   1.00000000
2106.00000   1.00000000
2107.00000   1.00000000
2108.00000   1.00000000
2109.00000   1.00000000
2110.00000   1.00000000
2111.00000   1.00000000
2112.00000   1.00000000
2113.00000   1.00000000
2114.00000   1.00000000
2115.00000   1.00000000
2116.00000   1.00000000
2117.00000   1.00000000
2118.00000   1.00000000
2119.00000   1.00000000
2120.00000   1.00000000
2121.00000   1.00000000
2122.00000   1.00000000
2123.00000   1.00000000
2124.00000   1.00000000
2125.00000   1.00000000
2126.00000   1.00000000
2127.00000   1.00000000
2128.00000   1.00000000
2129.00000   1.00000000
2130.00000   1.00000000
2131.00000   1.00000000
2132.00000   1.00000000
2133.00000   1.00000000
2134.00000   1.00000000
2135.00000   1.00000000
2136.00000   1.00000000
2137.00000   1.00000000
2138.00000   1.00000000
2139.00000   1.00000000
2140.00000   1.00000000
2141.00000   1.00000000
2142.00000   1.00000000
2143.00000   1.00000000
2144.00000   1.00000000
2145.00000   1.00000000
2146.00000   1.00000000
2147.00000   1.00000000
2148.00000   1.00000000
2149.00000   1.00000000
2150.00000   1.00000000
2151.00000   1.00000000
2152.00000   1.00000000
2153.00000   1.00000000
2154.00000   1.00000000
2155.00000   1.00000000
2156.00000   1.00000000
2157.00000   1.00000000
2158.00000   1.00000000
2159.00000   1.00000000
2160.00000   1.00000000
2161.00000   1.00000000
2162.00000   1.00000000
2163.00000   1.00000000
2164.00000   1.00000000
2165.00000   1.00000000
2166.00000   1.00000000
2167.00000   1.00000000
2168.00000   1.00000000
2169.00000   1.00000000
2170.00000   1.00000000
2171.00000   1.00000000
2172.00000   1.00000000
2173.00000   1.00000000
2174.00000   1.00000000
2175.00000   1.00000000
2176.00000   1.00000000
2177.00000   1.00000000
2178.00000   1.00000000
2179.00000   1.00000000
2180.00000   1.00000000
2181.00000   1.00000000
2182.00000   1.00000000
2183.00000   1.00000000
2184.00000   1.00000000
2185.00000   1.00000000
2186.00000   1.00000000
2187.00000   1.00000000
2188.00000   1.00000000
2189.00000   1.00000000
2190.00000   1.00000000
2191.00000   1.00000000
2192.00000   1.00000000
2193.00000   1.00000000
2194.00000   1.00000000
2195.00000   1.00000000
2196.00000   1.00000000
2197.00000   1.00000000
2198.00000   1.00000000
2199.00000   1.00000000
2200.00000   1.00000000
2201.00000   1.00000000
2202.00000   1.00000000
2203.00000   1.00000000
2204.00000   1.00000000
2205.00000   1.00000000
2206.00000   1.00000000
2207.00000   1.00000000
2208.00000   1.00000000
2209.00000   1.00000000
2210.00000   1.00000000
2211.00000   1.00000000
2212.00000   1.00000000
2213.00000   1.00000000
2214.00000   1.00000000
2215.00000   1.00000000
2216.00000   1.00000000
2217.00000   1.00000000
2218.00000   1.00000000
2219.00000   1.00000000
2220.00000   1.00000000
2221.00000   1.00000000
2222.00000   1.00000000
2223.00000   1.00000000
2224.00000   1.00000000
2225.00000   1.00000000
2226.00000   1.00000000
2227.00000   1.00000000
2228.00000   1.00000000
2229.00000   1.00000000
2230.00000   1.00000000
2231.00000   1.00000000
2232.00000   1.00000000
2233.00000   1.00000000
2234.00000   1.00000000
2235.00000   1.00000000
2236.00000   1.00000000
2237.00000   1.00000000
2238.00000   1.00000000
2239.00000   1.00000000
2240.00000   1.00000000
2241.00000   1.00000000
2242.00000   1.00000000
2243.00000   1.00000000
2244.00000   1.00000000
2245.00000   1.00000000
2246.00000   1.00000000
2247.00000   1.00000000
2248.00000   1.00000000
2249.00000   1.00000000
2250.00000   1.00000000
2251.00000   1.00000000
2252.00000   1.00000000
2253.00000   1.00000000
2254.00000   1.00000000
2255.00000   1.00000000
2256.00000   1.00000000
2257.00000   1.00000000
2258.00000   1.00000000
2259.00000   1.00000000
2260.00000   1.00000000
2261.00000   1.00000000
2262.00000   1.00000000
2263.00000   1.00000000
2264.00000   1.00000000
2265.00000   1.00000000
2266.00000   1.00000000
2267.00000   1.00000000
2268.00000   1.00000000
2269.00000   1.00000000
2270.00000   1.00000000
2271.00000   1.00000000
2272.00000   1.00000000
2273.00000   1.00000000
2274.00000   1.00000000
2275.00000   1.00000000
2276.00000   1.00000000
2277.00000   1.00000000
2278.00000   1.00000000
2279.00000   1.00000000
2280.00000   1.00000000
2281.00000   1.00000000
2282.00000   1.00000000
2283.00000   1.00000000
2284.00000   1.00000000
2285.00000   1.00000000
2286.00000   1.00000000
2287.00000   1.00000000
2288.00000   1.00000000
2289.00000   1.00000000
2290.00000   1.00000000
2291.00000   1.00000000
2292.00000   1.00000000
2293.00000   1.00000000
2294.00000   1.00000000
2295.00000   1.00000000
2296.00000   1.00000000
2297.00000   1.00000000
2298.00000   1.00000000
2299.00000   1.00000000
2300.00000   1.00000000
2301.00000   1.00000000
2302.00000   1.00000000
2303.00000   1.00000000
2304.00000   1.00000000
2305.00000   1.00000000
2306.00000   1.00000000
2307.00000   1.00000000
2308.00000   1.00000000
2309.00000   1.00000000
2310.00000   1.00000000
2311.00000   1.00000000
2312.00000   1.00000000
2313.00000   1.00000000
2314.00000   1.00000000
2315.00000   1.00000000
2316.00000   1.00000000
2317.00000   1.00000000
2318.00000   1.00000000
2319.00000   1.00000000
2320.00000   1.00000000
2321.00000   1.00000000
2322.00000   1.00000000
2323.00000   1.00000000
2324.00000   1.00000000
2325.00000   1.00000000
2326.00000   1.00000000
2327.00000   1.00000000
2328.00000   1.00000000
2329.00000   1.00000000
2330.00000   1.00000000
2331.00000   1.00000000
2332.00000   1.00000000
2333.00000   1.00000000
2334.00000   0.00000000
2335.00000   0.00000000
2336.00000   0.00000000
2337.00000   0.00000000
2338.00000   0.00000000
2339.00000   0.00000000
2340.00000   0.00000000
2341.00000   0.00000000
2342.00000   0.00000000
2343.00000   0.00000000
2344.00000   0.00000000
2345.00000   0.00000000
2346.00000   0.00000000
2347.00000   0.00000000
2348.00000   0.00000000
2349.00000   0.00000000
2350.00000   0.00000000
2351.00000   0.00000000
2352.00000   0.00000000
2353.00000   0.00000000
2354.00000   0.00000000
2355.00000   0.00000000
2356.00000   0.00000000
2357.00000   0.00000000
2358.00000   0.00000000
2359.00000   0.00000000
2360.00000   0.00000000
2361.00000   0.00000000
2362.00000   0.00000000
2363.00000   0.00000000
2364.00000   0.00000000
2365.00000   0.00000000
2366.00000   0.00000000
2367.00000   0.00000000
2368.00000   0.00000000
2369.00000   0.00000000
2370.00000   0.00000000
2371.00000   0.00000000
2372.00000   0.00000000
2373.00000   0.00000000
2374.00000   0.00000000
2375.00000   0.00000000
2376.00000   0.00000000
2377.00000   0.00000000
2378.00000   0.00000000
2379.00000   0.00000000
2380.00000   0.00000000
2381.00000   0.00000000
2382.00000   0.00000000
2383.00000   0.00000000
2384.00000   0.00000000
2385.00000   0.00000000
2386.00000   0.00000000
2387.00000   0.00000000
2388.00000   0.00000000
2389.00000   0.00000000
2390.00000   0.00000000
2391.00000   0.00000000
2392.00000   0.00000000
2393.00000   0.00000000
2394.00000   0.00000000
2395.00000   0.00000000
2396.00000   0.00000000
2397.00000   0.00000000
2398.00000   0.00000000
2399.00000   0.00000000
2400.00000   0.00000000
2401.00000   0.00000000
2402.00000   0.00000000
2403.00000   0.00000000
2404.00000   0.00000000
2405.00000   0.00000000
2406.00000   0.00000000
2407.00000   0.00000000
2408.00000   0.00000000
2409.00000   0.00000000
2410.00000   0.00000000
2411.00000   0.00000000
2412.00000   0.00000000
2413.00000   0.00000000
2414.00000   0.00000000
2415.00000   0.00000000
2416.00000   0.00000000
2417.00000   0.00000000
2418.00000   0.00000000
2419.00000   0.00000000
2420.00000   0.00000000
2421.00000   0.00000000
2422.00000   0.00000000
2423.00000   0.00000000
2424.00000   0.00000000
2425.00000   0.00000000
2426.00000   0.00000000
2427.00000   0.00000000
2428.00000   0.00000000
2429.00000   0.00000000
2430.00000   0.00000000
2431.00000   0.00000000
2432.00000   0.00000000
2433.00000   0.00000000
2434.00000   0.00000000
2435.00000   0.00000000
2436.00000   0.00000000
2437.00000   0.00000000
2438.00000   0.00000000
2439.00000   0.00000000
2440.00000   0.00000000
2441.00000   0.00000000
2442.00000   0.00000000
2443.00000   0.00000000
2444.00000   0.00000000
2445.00000   0.00000000
2446.00000   0.00000000
2447.00000   0.00000000
2448.00000   0.00000000
2449.00000   0.00000000
 
 
 this file was generated with filters_mm.pro
