      2666.40      0.00000
      2667.40      0.00000
      2668.40      0.00000
      2669.40      0.00000
      2670.40      0.00000
      2671.40      0.00000
      2672.40      0.00000
      2673.40      0.00000
      2674.40      0.00000
      2675.40      0.00000
      2676.40      0.00000
      2677.40      0.00000
      2678.40      0.00000
      2679.40      0.00000
      2680.40      0.00000
      2681.40      0.00000
      2682.40      0.00000
      2683.40      0.00000
      2684.40      0.00000
      2685.40      0.00000
      2686.40      0.00000
      2687.40      0.00000
      2688.40      0.00000
      2689.40      0.00000
      2690.40      0.00000
      2691.40      0.00000
      2692.40      0.00000
      2693.40      0.00000
      2694.40      0.00000
      2695.40      0.00000
      2696.40      0.00000
      2697.40      0.00000
      2698.40      0.00000
      2699.40      0.00000
      2700.40      0.00000
      2701.40      0.00000
      2702.40      0.00000
      2703.40      0.00000
      2704.40      0.00000
      2705.40      0.00000
      2706.40      0.00000
      2707.40      0.00000
      2708.40      0.00000
      2709.40      0.00000
      2710.40      0.00000
      2711.40      0.00000
      2712.40      0.00000
      2713.40      0.00000
      2714.40      0.00000
      2715.40      0.00000
      2716.40      0.00000
      2717.40      0.00000
      2718.40      0.00000
      2719.40      0.00000
      2720.40      0.00000
      2721.40      0.00000
      2722.40      0.00000
      2723.40      0.00000
      2724.40      0.00000
      2725.40      0.00000
      2726.40      0.00000
      2727.40      0.00000
      2728.40      0.00000
      2729.40      0.00000
      2730.40      0.00000
      2731.40      0.00000
      2732.40      0.00000
      2733.40      0.00000
      2734.40      0.00000
      2735.40      0.00000
      2736.40      0.00000
      2737.40      0.00000
      2738.40      0.00000
      2739.40      0.00000
      2740.40      0.00000
      2741.40      0.00000
      2742.40      0.00000
      2743.40      0.00000
      2744.40      0.00000
      2745.40      0.00000
      2746.40      0.00000
      2747.40      0.00000
      2748.40      0.00000
      2749.40      0.00000
      2750.40      0.00000
      2751.40      0.00000
      2752.40      0.00000
      2753.40      0.00000
      2754.40      0.00000
      2755.40      0.00000
      2756.40      0.00000
      2757.40      0.00000
      2758.40      0.00000
      2759.40      0.00000
      2760.40      0.00000
      2761.40      0.00000
      2762.40      0.00000
      2763.40      0.00000
      2764.40      0.00000
      2765.40      0.00000
      2766.40      0.00000
      2767.40      0.00000
      2768.40      0.00000
      2769.40      0.00000
      2770.40      0.00000
      2771.40      0.00000
      2772.40      0.00000
      2773.40      0.00000
      2774.40      0.00000
      2775.40      0.00000
      2776.40      0.00000
      2777.40      0.00000
      2778.40      0.00000
      2779.40      0.00000
      2780.40      0.00000
      2781.40      0.00000
      2782.40      0.00000
      2783.40      0.00000
      2784.40      0.00000
      2785.40      0.00000
      2786.40      0.00000
      2787.40      0.00000
      2788.40      0.00000
      2789.40      0.00000
      2790.40      0.00000
      2791.40      0.00000
      2792.40      0.00000
      2793.40      0.00000
      2794.40      0.00000
      2795.40      0.00000
      2796.40      0.00000
      2797.40      0.00000
      2798.40      0.00000
      2799.40      0.00000
      2800.40      0.00000
      2801.40      0.00000
      2802.40      0.00000
      2803.40      0.00000
      2804.40      0.00000
      2805.40      0.00000
      2806.40      0.00000
      2807.40      0.00000
      2808.40      0.00000
      2809.40      0.00000
      2810.40      0.00000
      2811.40      0.00000
      2812.40      0.00000
      2813.40      0.00000
      2814.40      0.00000
      2815.40      0.00000
      2816.40      0.00000
      2817.40      0.00000
      2818.40      0.00000
      2819.40      0.00000
      2820.40      0.00000
      2821.40      0.00000
      2822.40      0.00000
      2823.40      0.00000
      2824.40      0.00000
      2825.40      0.00000
      2826.40      0.00000
      2827.40      0.00000
      2828.40      0.00000
      2829.40      0.00000
      2830.40      0.00000
      2831.40      0.00000
      2832.40      0.00000
      2833.40      0.00000
      2834.40      0.00000
      2835.40      0.00000
      2836.40      0.00000
      2837.40      0.00000
      2838.40      0.00000
      2839.40      0.00000
      2840.40      0.00000
      2841.40      0.00000
      2842.40      0.00000
      2843.40      0.00000
      2844.40      0.00000
      2845.40      0.00000
      2846.40      0.00000
      2847.40      0.00000
      2848.40      0.00000
      2849.40      0.00000
      2850.40      0.00000
      2851.40      0.00000
      2852.40      0.00000
      2853.40      0.00000
      2854.40      0.00000
      2855.40      0.00000
      2856.40      0.00000
      2857.40      0.00000
      2858.40      0.00000
      2859.40      0.00000
      2860.40      0.00000
      2861.40      0.00000
      2862.40      0.00000
      2863.40      0.00000
      2864.40      0.00000
      2865.40      0.00000
      2866.40      0.00000
      2867.40      0.00000
      2868.40      0.00000
      2869.40      0.00000
      2870.40      0.00000
      2871.40      0.00000
      2872.40      0.00000
      2873.40      0.00000
      2874.40      0.00000
      2875.40      0.00000
      2876.40      0.00000
      2877.40      0.00000
      2878.40      0.00000
      2879.40      0.00000
      2880.40      0.00000
      2881.40      0.00000
      2882.40      0.00000
      2883.40      0.00000
      2884.40      0.00000
      2885.40      0.00000
      2886.40      0.00000
      2887.40      0.00000
      2888.40      0.00000
      2889.40      0.00000
      2890.40      0.00000
      2891.40      0.00000
      2892.40      0.00000
      2893.40      0.00000
      2894.40      0.00000
      2895.40      0.00000
      2896.40      0.00000
      2897.40      0.00000
      2898.40      0.00000
      2899.40      0.00000
      2900.40      0.00000
      2901.40      0.00000
      2902.40      0.00000
      2903.40      0.00000
      2904.40      0.00000
      2905.40      0.00000
      2906.40      0.00000
      2907.40      0.00000
      2908.40      0.00000
      2909.40      0.00000
      2910.40      0.00000
      2911.40      0.00000
      2912.40      0.00000
      2913.40      0.00000
      2914.40      0.00000
      2915.40      0.00000
      2916.40      0.00000
      2917.40      0.00000
      2918.40      0.00000
      2919.40      0.00000
      2920.40      0.00000
      2921.40      0.00000
      2922.40      0.00000
      2923.40      0.00000
      2924.40      0.00000
      2925.40      0.00000
      2926.40      0.00000
      2927.40      0.00000
      2928.40      0.00000
      2929.40      0.00000
      2930.40      0.00000
      2931.40      0.00000
      2932.40      0.00000
      2933.40      0.00000
      2934.40      0.00000
      2935.40      0.00000
      2936.40      0.00000
      2937.40      0.00000
      2938.40      0.00000
      2939.40      0.00000
      2940.40      0.00000
      2941.40      0.00000
      2942.40      0.00000
      2943.40      0.00000
      2944.40      0.00000
      2945.40      0.00000
      2946.40      0.00000
      2947.40      0.00000
      2948.40      0.00000
      2949.40      0.00000
      2950.40      0.00000
      2951.40      0.00000
      2952.40      0.00000
      2953.40      0.00000
      2954.40      0.00000
      2955.40      0.00000
      2956.40      0.00000
      2957.40      0.00000
      2958.40      0.00000
      2959.40      0.00000
      2960.40      0.00000
      2961.40      0.00000
      2962.40      0.00000
      2963.40      0.00000
      2964.40      0.00000
      2965.40      0.00000
      2966.40      0.00000
      2967.40      0.00000
      2968.40      0.00000
      2969.40      0.00000
      2970.40      0.00000
      2971.40      0.00000
      2972.40      0.00000
      2973.40      0.00000
      2974.40      0.00000
      2975.40      0.00000
      2976.40      0.00000
      2977.40      0.00000
      2978.40      0.00000
      2979.40      0.00000
      2980.40      0.00000
      2981.40      0.00000
      2982.40      0.00000
      2983.40      0.00000
      2984.40      0.00000
      2985.40      0.00000
      2986.40      0.00000
      2987.40      0.00000
      2988.40      0.00000
      2989.40      0.00000
      2990.40      0.00000
      2991.40      0.00000
      2992.40      0.00000
      2993.40      0.00000
      2994.40      0.00000
      2995.40      0.00000
      2996.40      0.00000
      2997.40      0.00000
      2998.40      0.00000
      2999.40      0.00000
      3000.40      1.00000
      3001.40      1.00000
      3002.40      1.00000
      3003.40      1.00000
      3004.40      1.00000
      3005.40      1.00000
      3006.40      1.00000
      3007.40      1.00000
      3008.40      1.00000
      3009.40      1.00000
      3010.40      1.00000
      3011.40      1.00000
      3012.40      1.00000
      3013.40      1.00000
      3014.40      1.00000
      3015.40      1.00000
      3016.40      1.00000
      3017.40      1.00000
      3018.40      1.00000
      3019.40      1.00000
      3020.40      1.00000
      3021.40      1.00000
      3022.40      1.00000
      3023.40      1.00000
      3024.40      1.00000
      3025.40      1.00000
      3026.40      1.00000
      3027.40      1.00000
      3028.40      1.00000
      3029.40      1.00000
      3030.40      1.00000
      3031.40      1.00000
      3032.40      1.00000
      3033.40      1.00000
      3034.40      1.00000
      3035.40      1.00000
      3036.40      1.00000
      3037.40      1.00000
      3038.40      1.00000
      3039.40      1.00000
      3040.40      1.00000
      3041.40      1.00000
      3042.40      1.00000
      3043.40      1.00000
      3044.40      1.00000
      3045.40      1.00000
      3046.40      1.00000
      3047.40      1.00000
      3048.40      1.00000
      3049.40      1.00000
      3050.40      1.00000
      3051.40      1.00000
      3052.40      1.00000
      3053.40      1.00000
      3054.40      1.00000
      3055.40      1.00000
      3056.40      1.00000
      3057.40      1.00000
      3058.40      1.00000
      3059.40      1.00000
      3060.40      1.00000
      3061.40      1.00000
      3062.40      1.00000
      3063.40      1.00000
      3064.40      1.00000
      3065.40      1.00000
      3066.40      1.00000
      3067.40      1.00000
      3068.40      1.00000
      3069.40      1.00000
      3070.40      1.00000
      3071.40      1.00000
      3072.40      1.00000
      3073.40      1.00000
      3074.40      1.00000
      3075.40      1.00000
      3076.40      1.00000
      3077.40      1.00000
      3078.40      1.00000
      3079.40      1.00000
      3080.40      1.00000
      3081.40      1.00000
      3082.40      1.00000
      3083.40      1.00000
      3084.40      1.00000
      3085.40      1.00000
      3086.40      1.00000
      3087.40      1.00000
      3088.40      1.00000
      3089.40      1.00000
      3090.40      1.00000
      3091.40      1.00000
      3092.40      1.00000
      3093.40      1.00000
      3094.40      1.00000
      3095.40      1.00000
      3096.40      1.00000
      3097.40      1.00000
      3098.40      1.00000
      3099.40      1.00000
      3100.40      1.00000
      3101.40      1.00000
      3102.40      1.00000
      3103.40      1.00000
      3104.40      1.00000
      3105.40      1.00000
      3106.40      1.00000
      3107.40      1.00000
      3108.40      1.00000
      3109.40      1.00000
      3110.40      1.00000
      3111.40      1.00000
      3112.40      1.00000
      3113.40      1.00000
      3114.40      1.00000
      3115.40      1.00000
      3116.40      1.00000
      3117.40      1.00000
      3118.40      1.00000
      3119.40      1.00000
      3120.40      1.00000
      3121.40      1.00000
      3122.40      1.00000
      3123.40      1.00000
      3124.40      1.00000
      3125.40      1.00000
      3126.40      1.00000
      3127.40      1.00000
      3128.40      1.00000
      3129.40      1.00000
      3130.40      1.00000
      3131.40      1.00000
      3132.40      1.00000
      3133.40      1.00000
      3134.40      1.00000
      3135.40      1.00000
      3136.40      1.00000
      3137.40      1.00000
      3138.40      1.00000
      3139.40      1.00000
      3140.40      1.00000
      3141.40      1.00000
      3142.40      1.00000
      3143.40      1.00000
      3144.40      1.00000
      3145.40      1.00000
      3146.40      1.00000
      3147.40      1.00000
      3148.40      1.00000
      3149.40      1.00000
      3150.40      1.00000
      3151.40      1.00000
      3152.40      1.00000
      3153.40      1.00000
      3154.40      1.00000
      3155.40      1.00000
      3156.40      1.00000
      3157.40      1.00000
      3158.40      1.00000
      3159.40      1.00000
      3160.40      1.00000
      3161.40      1.00000
      3162.40      1.00000
      3163.40      1.00000
      3164.40      1.00000
      3165.40      1.00000
      3166.40      1.00000
      3167.40      1.00000
      3168.40      1.00000
      3169.40      1.00000
      3170.40      1.00000
      3171.40      1.00000
      3172.40      1.00000
      3173.40      1.00000
      3174.40      1.00000
      3175.40      1.00000
      3176.40      1.00000
      3177.40      1.00000
      3178.40      1.00000
      3179.40      1.00000
      3180.40      1.00000
      3181.40      1.00000
      3182.40      1.00000
      3183.40      1.00000
      3184.40      1.00000
      3185.40      1.00000
      3186.40      1.00000
      3187.40      1.00000
      3188.40      1.00000
      3189.40      1.00000
      3190.40      1.00000
      3191.40      1.00000
      3192.40      1.00000
      3193.40      1.00000
      3194.40      1.00000
      3195.40      1.00000
      3196.40      1.00000
      3197.40      1.00000
      3198.40      1.00000
      3199.40      1.00000
      3200.40      1.00000
      3201.40      1.00000
      3202.40      1.00000
      3203.40      1.00000
      3204.40      1.00000
      3205.40      1.00000
      3206.40      1.00000
      3207.40      1.00000
      3208.40      1.00000
      3209.40      1.00000
      3210.40      1.00000
      3211.40      1.00000
      3212.40      1.00000
      3213.40      1.00000
      3214.40      1.00000
      3215.40      1.00000
      3216.40      1.00000
      3217.40      1.00000
      3218.40      1.00000
      3219.40      1.00000
      3220.40      1.00000
      3221.40      1.00000
      3222.40      1.00000
      3223.40      1.00000
      3224.40      1.00000
      3225.40      1.00000
      3226.40      1.00000
      3227.40      1.00000
      3228.40      1.00000
      3229.40      1.00000
      3230.40      1.00000
      3231.40      1.00000
      3232.40      1.00000
      3233.40      1.00000
      3234.40      1.00000
      3235.40      1.00000
      3236.40      1.00000
      3237.40      1.00000
      3238.40      1.00000
      3239.40      1.00000
      3240.40      1.00000
      3241.40      1.00000
      3242.40      1.00000
      3243.40      1.00000
      3244.40      1.00000
      3245.40      1.00000
      3246.40      1.00000
      3247.40      1.00000
      3248.40      1.00000
      3249.40      1.00000
      3250.40      1.00000
      3251.40      1.00000
      3252.40      1.00000
      3253.40      1.00000
      3254.40      1.00000
      3255.40      1.00000
      3256.40      1.00000
      3257.40      1.00000
      3258.40      1.00000
      3259.40      1.00000
      3260.40      1.00000
      3261.40      1.00000
      3262.40      1.00000
      3263.40      1.00000
      3264.40      1.00000
      3265.40      1.00000
      3266.40      1.00000
      3267.40      1.00000
      3268.40      1.00000
      3269.40      1.00000
      3270.40      1.00000
      3271.40      1.00000
      3272.40      1.00000
      3273.40      1.00000
      3274.40      1.00000
      3275.40      1.00000
      3276.40      1.00000
      3277.40      1.00000
      3278.40      1.00000
      3279.40      1.00000
      3280.40      1.00000
      3281.40      1.00000
      3282.40      1.00000
      3283.40      1.00000
      3284.40      1.00000
      3285.40      1.00000
      3286.40      1.00000
      3287.40      1.00000
      3288.40      1.00000
      3289.40      1.00000
      3290.40      1.00000
      3291.40      1.00000
      3292.40      1.00000
      3293.40      1.00000
      3294.40      1.00000
      3295.40      1.00000
      3296.40      1.00000
      3297.40      1.00000
      3298.40      1.00000
      3299.40      1.00000
      3300.40      1.00000
      3301.40      1.00000
      3302.40      1.00000
      3303.40      1.00000
      3304.40      1.00000
      3305.40      1.00000
      3306.40      1.00000
      3307.40      1.00000
      3308.40      1.00000
      3309.40      1.00000
      3310.40      1.00000
      3311.40      1.00000
      3312.40      1.00000
      3313.40      1.00000
      3314.40      1.00000
      3315.40      1.00000
      3316.40      1.00000
      3317.40      1.00000
      3318.40      1.00000
      3319.40      1.00000
      3320.40      1.00000
      3321.40      1.00000
      3322.40      1.00000
      3323.40      1.00000
      3324.40      1.00000
      3325.40      1.00000
      3326.40      1.00000
      3327.40      1.00000
      3328.40      1.00000
      3329.40      1.00000
      3330.40      1.00000
      3331.40      1.00000
      3332.40      1.00000
      3333.40      1.00000
      3334.40      1.00000
      3335.40      1.00000
      3336.40      1.00000
      3337.40      1.00000
      3338.40      1.00000
      3339.40      1.00000
      3340.40      1.00000
      3341.40      1.00000
      3342.40      1.00000
      3343.40      1.00000
      3344.40      1.00000
      3345.40      1.00000
      3346.40      1.00000
      3347.40      1.00000
      3348.40      1.00000
      3349.40      1.00000
      3350.40      1.00000
      3351.40      1.00000
      3352.40      1.00000
      3353.40      1.00000
      3354.40      1.00000
      3355.40      1.00000
      3356.40      1.00000
      3357.40      1.00000
      3358.40      1.00000
      3359.40      1.00000
      3360.40      1.00000
      3361.40      1.00000
      3362.40      1.00000
      3363.40      1.00000
      3364.40      1.00000
      3365.40      1.00000
      3366.40      1.00000
      3367.40      1.00000
      3368.40      1.00000
      3369.40      1.00000
      3370.40      1.00000
      3371.40      1.00000
      3372.40      1.00000
      3373.40      1.00000
      3374.40      1.00000
      3375.40      1.00000
      3376.40      1.00000
      3377.40      1.00000
      3378.40      1.00000
      3379.40      1.00000
      3380.40      1.00000
      3381.40      1.00000
      3382.40      1.00000
      3383.40      1.00000
      3384.40      1.00000
      3385.40      1.00000
      3386.40      1.00000
      3387.40      1.00000
      3388.40      1.00000
      3389.40      1.00000
      3390.40      1.00000
      3391.40      1.00000
      3392.40      1.00000
      3393.40      1.00000
      3394.40      1.00000
      3395.40      1.00000
      3396.40      1.00000
      3397.40      1.00000
      3398.40      1.00000
      3399.40      1.00000
      3400.40      1.00000
      3401.40      1.00000
      3402.40      1.00000
      3403.40      1.00000
      3404.40      1.00000
      3405.40      1.00000
      3406.40      1.00000
      3407.40      1.00000
      3408.40      1.00000
      3409.40      1.00000
      3410.40      1.00000
      3411.40      1.00000
      3412.40      1.00000
      3413.40      1.00000
      3414.40      1.00000
      3415.40      1.00000
      3416.40      1.00000
      3417.40      1.00000
      3418.40      1.00000
      3419.40      1.00000
      3420.40      1.00000
      3421.40      1.00000
      3422.40      1.00000
      3423.40      1.00000
      3424.40      1.00000
      3425.40      1.00000
      3426.40      1.00000
      3427.40      1.00000
      3428.40      1.00000
      3429.40      1.00000
      3430.40      1.00000
      3431.40      1.00000
      3432.40      1.00000
      3433.40      1.00000
      3434.40      1.00000
      3435.40      1.00000
      3436.40      1.00000
      3437.40      1.00000
      3438.40      1.00000
      3439.40      1.00000
      3440.40      1.00000
      3441.40      1.00000
      3442.40      1.00000
      3443.40      1.00000
      3444.40      1.00000
      3445.40      1.00000
      3446.40      1.00000
      3447.40      1.00000
      3448.40      1.00000
      3449.40      1.00000
      3450.40      1.00000
      3451.40      1.00000
      3452.40      1.00000
      3453.40      1.00000
      3454.40      1.00000
      3455.40      1.00000
      3456.40      1.00000
      3457.40      1.00000
      3458.40      1.00000
      3459.40      1.00000
      3460.40      1.00000
      3461.40      1.00000
      3462.40      1.00000
      3463.40      1.00000
      3464.40      1.00000
      3465.40      1.00000
      3466.40      1.00000
      3467.40      1.00000
      3468.40      1.00000
      3469.40      1.00000
      3470.40      1.00000
      3471.40      1.00000
      3472.40      1.00000
      3473.40      1.00000
      3474.40      1.00000
      3475.40      1.00000
      3476.40      1.00000
      3477.40      1.00000
      3478.40      1.00000
      3479.40      1.00000
      3480.40      1.00000
      3481.40      1.00000
      3482.40      1.00000
      3483.40      1.00000
      3484.40      1.00000
      3485.40      1.00000
      3486.40      1.00000
      3487.40      1.00000
      3488.40      1.00000
      3489.40      1.00000
      3490.40      1.00000
      3491.40      1.00000
      3492.40      1.00000
      3493.40      1.00000
      3494.40      1.00000
      3495.40      1.00000
      3496.40      1.00000
      3497.40      1.00000
      3498.40      1.00000
      3499.40      1.00000
      3500.40      1.00000
      3501.40      1.00000
      3502.40      1.00000
      3503.40      1.00000
      3504.40      1.00000
      3505.40      1.00000
      3506.40      1.00000
      3507.40      1.00000
      3508.40      1.00000
      3509.40      1.00000
      3510.40      1.00000
      3511.40      1.00000
      3512.40      1.00000
      3513.40      1.00000
      3514.40      1.00000
      3515.40      1.00000
      3516.40      1.00000
      3517.40      1.00000
      3518.40      1.00000
      3519.40      1.00000
      3520.40      1.00000
      3521.40      1.00000
      3522.40      1.00000
      3523.40      1.00000
      3524.40      1.00000
      3525.40      1.00000
      3526.40      1.00000
      3527.40      1.00000
      3528.40      1.00000
      3529.40      1.00000
      3530.40      1.00000
      3531.40      1.00000
      3532.40      1.00000
      3533.40      1.00000
      3534.40      1.00000
      3535.40      1.00000
      3536.40      1.00000
      3537.40      1.00000
      3538.40      1.00000
      3539.40      1.00000
      3540.40      1.00000
      3541.40      1.00000
      3542.40      1.00000
      3543.40      1.00000
      3544.40      1.00000
      3545.40      1.00000
      3546.40      1.00000
      3547.40      1.00000
      3548.40      1.00000
      3549.40      1.00000
      3550.40      1.00000
      3551.40      1.00000
      3552.40      1.00000
      3553.40      1.00000
      3554.40      1.00000
      3555.40      1.00000
      3556.40      1.00000
      3557.40      1.00000
      3558.40      1.00000
      3559.40      1.00000
      3560.40      1.00000
      3561.40      1.00000
      3562.40      1.00000
      3563.40      1.00000
      3564.40      1.00000
      3565.40      1.00000
      3566.40      1.00000
      3567.40      1.00000
      3568.40      1.00000
      3569.40      1.00000
      3570.40      1.00000
      3571.40      1.00000
      3572.40      1.00000
      3573.40      1.00000
      3574.40      1.00000
      3575.40      1.00000
      3576.40      1.00000
      3577.40      1.00000
      3578.40      1.00000
      3579.40      1.00000
      3580.40      1.00000
      3581.40      1.00000
      3582.40      1.00000
      3583.40      1.00000
      3584.40      1.00000
      3585.40      1.00000
      3586.40      1.00000
      3587.40      1.00000
      3588.40      1.00000
      3589.40      1.00000
      3590.40      1.00000
      3591.40      1.00000
      3592.40      1.00000
      3593.40      1.00000
      3594.40      1.00000
      3595.40      1.00000
      3596.40      1.00000
      3597.40      1.00000
      3598.40      1.00000
      3599.40      1.00000
      3600.40      1.00000
      3601.40      1.00000
      3602.40      1.00000
      3603.40      1.00000
      3604.40      1.00000
      3605.40      1.00000
      3606.40      1.00000
      3607.40      1.00000
      3608.40      1.00000
      3609.40      1.00000
      3610.40      1.00000
      3611.40      1.00000
      3612.40      1.00000
      3613.40      1.00000
      3614.40      1.00000
      3615.40      1.00000
      3616.40      1.00000
      3617.40      1.00000
      3618.40      1.00000
      3619.40      1.00000
      3620.40      1.00000
      3621.40      1.00000
      3622.40      1.00000
      3623.40      1.00000
      3624.40      1.00000
      3625.40      1.00000
      3626.40      1.00000
      3627.40      1.00000
      3628.40      1.00000
      3629.40      1.00000
      3630.40      1.00000
      3631.40      1.00000
      3632.40      1.00000
      3633.40      1.00000
      3634.40      1.00000
      3635.40      1.00000
      3636.40      1.00000
      3637.40      1.00000
      3638.40      1.00000
      3639.40      1.00000
      3640.40      1.00000
      3641.40      1.00000
      3642.40      1.00000
      3643.40      1.00000
      3644.40      1.00000
      3645.40      1.00000
      3646.40      1.00000
      3647.40      1.00000
      3648.40      1.00000
      3649.40      1.00000
      3650.40      1.00000
      3651.40      1.00000
      3652.40      1.00000
      3653.40      1.00000
      3654.40      1.00000
      3655.40      1.00000
      3656.40      1.00000
      3657.40      1.00000
      3658.40      1.00000
      3659.40      1.00000
      3660.40      1.00000
      3661.40      1.00000
      3662.40      1.00000
      3663.40      1.00000
      3664.40      1.00000
      3665.40      1.00000
      3666.40      0.00000
      3667.40      0.00000
      3668.40      0.00000
      3669.40      0.00000
      3670.40      0.00000
      3671.40      0.00000
      3672.40      0.00000
      3673.40      0.00000
      3674.40      0.00000
      3675.40      0.00000
      3676.40      0.00000
      3677.40      0.00000
      3678.40      0.00000
      3679.40      0.00000
      3680.40      0.00000
      3681.40      0.00000
      3682.40      0.00000
      3683.40      0.00000
      3684.40      0.00000
      3685.40      0.00000
      3686.40      0.00000
      3687.40      0.00000
      3688.40      0.00000
      3689.40      0.00000
      3690.40      0.00000
      3691.40      0.00000
      3692.40      0.00000
      3693.40      0.00000
      3694.40      0.00000
      3695.40      0.00000
      3696.40      0.00000
      3697.40      0.00000
      3698.40      0.00000
      3699.40      0.00000
      3700.40      0.00000
      3701.40      0.00000
      3702.40      0.00000
      3703.40      0.00000
      3704.40      0.00000
      3705.40      0.00000
      3706.40      0.00000
      3707.40      0.00000
      3708.40      0.00000
      3709.40      0.00000
      3710.40      0.00000
      3711.40      0.00000
      3712.40      0.00000
      3713.40      0.00000
      3714.40      0.00000
      3715.40      0.00000
      3716.40      0.00000
      3717.40      0.00000
      3718.40      0.00000
      3719.40      0.00000
      3720.40      0.00000
      3721.40      0.00000
      3722.40      0.00000
      3723.40      0.00000
      3724.40      0.00000
      3725.40      0.00000
      3726.40      0.00000
      3727.40      0.00000
      3728.40      0.00000
      3729.40      0.00000
      3730.40      0.00000
      3731.40      0.00000
      3732.40      0.00000
      3733.40      0.00000
      3734.40      0.00000
      3735.40      0.00000
      3736.40      0.00000
      3737.40      0.00000
      3738.40      0.00000
      3739.40      0.00000
      3740.40      0.00000
      3741.40      0.00000
      3742.40      0.00000
      3743.40      0.00000
      3744.40      0.00000
      3745.40      0.00000
      3746.40      0.00000
      3747.40      0.00000
      3748.40      0.00000
      3749.40      0.00000
      3750.40      0.00000
      3751.40      0.00000
      3752.40      0.00000
      3753.40      0.00000
      3754.40      0.00000
      3755.40      0.00000
      3756.40      0.00000
      3757.40      0.00000
      3758.40      0.00000
      3759.40      0.00000
      3760.40      0.00000
      3761.40      0.00000
      3762.40      0.00000
      3763.40      0.00000
      3764.40      0.00000
      3765.40      0.00000
      3766.40      0.00000
      3767.40      0.00000
      3768.40      0.00000
      3769.40      0.00000
      3770.40      0.00000
      3771.40      0.00000
      3772.40      0.00000
      3773.40      0.00000
      3774.40      0.00000
      3775.40      0.00000
      3776.40      0.00000
      3777.40      0.00000
      3778.40      0.00000
      3779.40      0.00000
      3780.40      0.00000
      3781.40      0.00000
      3782.40      0.00000
      3783.40      0.00000
      3784.40      0.00000
      3785.40      0.00000
      3786.40      0.00000
      3787.40      0.00000
      3788.40      0.00000
      3789.40      0.00000
      3790.40      0.00000
      3791.40      0.00000
      3792.40      0.00000
      3793.40      0.00000
      3794.40      0.00000
      3795.40      0.00000
      3796.40      0.00000
      3797.40      0.00000
      3798.40      0.00000
      3799.40      0.00000
      3800.40      0.00000
      3801.40      0.00000
      3802.40      0.00000
      3803.40      0.00000
      3804.40      0.00000
      3805.40      0.00000
      3806.40      0.00000
      3807.40      0.00000
      3808.40      0.00000
      3809.40      0.00000
      3810.40      0.00000
      3811.40      0.00000
      3812.40      0.00000
      3813.40      0.00000
      3814.40      0.00000
      3815.40      0.00000
      3816.40      0.00000
      3817.40      0.00000
      3818.40      0.00000
      3819.40      0.00000
      3820.40      0.00000
      3821.40      0.00000
      3822.40      0.00000
      3823.40      0.00000
      3824.40      0.00000
      3825.40      0.00000
      3826.40      0.00000
      3827.40      0.00000
      3828.40      0.00000
      3829.40      0.00000
      3830.40      0.00000
      3831.40      0.00000
      3832.40      0.00000
      3833.40      0.00000
      3834.40      0.00000
      3835.40      0.00000
      3836.40      0.00000
      3837.40      0.00000
      3838.40      0.00000
      3839.40      0.00000
      3840.40      0.00000
      3841.40      0.00000
      3842.40      0.00000
      3843.40      0.00000
      3844.40      0.00000
      3845.40      0.00000
      3846.40      0.00000
      3847.40      0.00000
      3848.40      0.00000
      3849.40      0.00000
      3850.40      0.00000
      3851.40      0.00000
      3852.40      0.00000
      3853.40      0.00000
      3854.40      0.00000
      3855.40      0.00000
      3856.40      0.00000
      3857.40      0.00000
      3858.40      0.00000
      3859.40      0.00000
      3860.40      0.00000
      3861.40      0.00000
      3862.40      0.00000
      3863.40      0.00000
      3864.40      0.00000
      3865.40      0.00000
      3866.40      0.00000
      3867.40      0.00000
      3868.40      0.00000
      3869.40      0.00000
      3870.40      0.00000
      3871.40      0.00000
      3872.40      0.00000
      3873.40      0.00000
      3874.40      0.00000
      3875.40      0.00000
      3876.40      0.00000
      3877.40      0.00000
      3878.40      0.00000
      3879.40      0.00000
      3880.40      0.00000
      3881.40      0.00000
      3882.40      0.00000
      3883.40      0.00000
      3884.40      0.00000
      3885.40      0.00000
      3886.40      0.00000
      3887.40      0.00000
      3888.40      0.00000
      3889.40      0.00000
      3890.40      0.00000
      3891.40      0.00000
      3892.40      0.00000
      3893.40      0.00000
      3894.40      0.00000
      3895.40      0.00000
      3896.40      0.00000
      3897.40      0.00000
      3898.40      0.00000
      3899.40      0.00000
      3900.40      0.00000
      3901.40      0.00000
      3902.40      0.00000
      3903.40      0.00000
      3904.40      0.00000
      3905.40      0.00000
      3906.40      0.00000
      3907.40      0.00000
      3908.40      0.00000
      3909.40      0.00000
      3910.40      0.00000
      3911.40      0.00000
      3912.40      0.00000
      3913.40      0.00000
      3914.40      0.00000
      3915.40      0.00000
      3916.40      0.00000
      3917.40      0.00000
      3918.40      0.00000
      3919.40      0.00000
      3920.40      0.00000
      3921.40      0.00000
      3922.40      0.00000
      3923.40      0.00000
      3924.40      0.00000
      3925.40      0.00000
      3926.40      0.00000
      3927.40      0.00000
      3928.40      0.00000
      3929.40      0.00000
      3930.40      0.00000
      3931.40      0.00000
      3932.40      0.00000
      3933.40      0.00000
      3934.40      0.00000
      3935.40      0.00000
      3936.40      0.00000
      3937.40      0.00000
      3938.40      0.00000
      3939.40      0.00000
      3940.40      0.00000
      3941.40      0.00000
      3942.40      0.00000
      3943.40      0.00000
      3944.40      0.00000
      3945.40      0.00000
      3946.40      0.00000
      3947.40      0.00000
      3948.40      0.00000
      3949.40      0.00000
      3950.40      0.00000
      3951.40      0.00000
      3952.40      0.00000
      3953.40      0.00000
      3954.40      0.00000
      3955.40      0.00000
      3956.40      0.00000
      3957.40      0.00000
      3958.40      0.00000
      3959.40      0.00000
      3960.40      0.00000
      3961.40      0.00000
      3962.40      0.00000
      3963.40      0.00000
      3964.40      0.00000
      3965.40      0.00000
      3966.40      0.00000
      3967.40      0.00000
      3968.40      0.00000
      3969.40      0.00000
      3970.40      0.00000
      3971.40      0.00000
      3972.40      0.00000
      3973.40      0.00000
      3974.40      0.00000
      3975.40      0.00000
      3976.40      0.00000
      3977.40      0.00000
      3978.40      0.00000
      3979.40      0.00000
      3980.40      0.00000
      3981.40      0.00000
      3982.40      0.00000
      3983.40      0.00000
      3984.40      0.00000
      3985.40      0.00000
      3986.40      0.00000
      3987.40      0.00000
      3988.40      0.00000
      3989.40      0.00000
      3990.40      0.00000
      3991.40      0.00000
      3992.40      0.00000
      3993.40      0.00000
      3994.40      0.00000
      3995.40      0.00000
      3996.40      0.00000
      3997.40      0.00000
      3998.40      0.00000
      3999.40      0.00000
