    2.900193    0.000057
    2.903871    0.000058
    2.907549    0.000063
    2.911227    0.000073
    2.914904    0.000078
    2.918582    0.000074
    2.922260    0.000072
    2.925938    0.000076
    2.929615    0.000080
    2.933293    0.000088
    2.936971    0.000083
    2.940649    0.000023
    2.944327    0.000052
    2.948004    0.000100
    2.951682    0.000020
    2.955360    0.000058
    2.959038    0.000023
    2.962716    0.000012
    2.966394   -0.000009
    2.970072    0.000058
    2.973749    0.000092
    2.977427    0.000089
    2.981105    0.000131
    2.984783    0.000084
    2.988461    0.000006
    2.992138   -0.000001
    2.995816    0.000017
    2.999494    0.000015
    3.003172   -0.000015
    3.006850    0.000033
    3.010527    0.000109
    3.014205   -0.000010
    3.017883    0.000054
    3.021561    0.000020
    3.025239    0.000026
    3.028917    0.000052
    3.032594    0.000086
    3.036272    0.000240
    3.039950    0.000098
    3.043628    0.000154
    3.047306    0.000413
    3.050983    0.000428
    3.054661    0.000435
    3.058339    0.000383
    3.062017    0.000375
    3.065695    0.000516
    3.069373    0.000560
    3.073050    0.000558
    3.076728    0.000621
    3.080406    0.000679
    3.084084    0.000799
    3.087762    0.000925
    3.091439    0.000993
    3.095117    0.001030
    3.098795    0.001016
    3.102473    0.001091
    3.106151    0.001143
    3.109828    0.001129
    3.113506    0.001138
    3.117184    0.001406
    3.120862    0.001504
    3.124540    0.001722
    3.128218    0.001921
    3.131895    0.002151
    3.135573    0.002516
    3.139251    0.003004
    3.142929    0.003086
    3.146607    0.003666
    3.150285    0.004380
    3.153962    0.004949
    3.157640    0.005545
    3.161318    0.006632
    3.164996    0.007742
    3.168674    0.008815
    3.172351    0.010196
    3.176029    0.012207
    3.179707    0.014322
    3.183385    0.016601
    3.187063    0.019826
    3.190741    0.023721
    3.194418    0.027677
    3.198096    0.032328
    3.201774    0.037993
    3.205452    0.044338
    3.209130    0.049758
    3.212807    0.057241
    3.216485    0.064582
    3.220163    0.071564
    3.223841    0.079446
    3.227519    0.086823
    3.231196    0.092804
    3.234874    0.098444
    3.238552    0.102954
    3.242230    0.105337
    3.245908    0.107910
    3.249586    0.110353
    3.253263    0.111798
    3.256941    0.114251
    3.260619    0.116741
    3.264297    0.118537
    3.267975    0.120378
    3.271652    0.121499
    3.275330    0.121267
    3.279008    0.121372
    3.282686    0.121333
    3.286364    0.120851
    3.290041    0.121206
    3.293719    0.121764
    3.297397    0.122182
    3.301075    0.122429
    3.304753    0.122468
    3.308431    0.122639
    3.312109    0.122475
    3.315786    0.122234
    3.319464    0.122445
    3.323142    0.122188
    3.326820    0.121430
    3.330498    0.121306
    3.334175    0.120242
    3.337853    0.119796
    3.341531    0.119411
    3.345209    0.118918
    3.348886    0.119329
    3.352564    0.118830
    3.356242    0.116862
    3.359920    0.115670
    3.363598    0.110186
    3.367276    0.104300
    3.370954    0.098499
    3.374631    0.090128
    3.378309    0.083379
    3.381987    0.077232
    3.385665    0.069339
    3.389343    0.063545
    3.393020    0.056173
    3.396698    0.049266
    3.400376    0.043507
    3.404054    0.036801
    3.407732    0.032027
    3.411409    0.027669
    3.415087    0.023562
    3.418765    0.020906
    3.422443    0.017742
    3.426121    0.015487
    3.429799    0.013784
    3.433476    0.011724
    3.437154    0.010742
    3.440832    0.009170
    3.444510    0.008114
    3.448188    0.007315
    3.451865    0.006254
    3.455543    0.005629
    3.459221    0.005027
    3.462899    0.004421
    3.466577    0.003988
    3.470255    0.003463
    3.473932    0.003290
    3.477610    0.002871
    3.481288    0.002674
    3.484966    0.002562
    3.488644    0.002148
    3.492321    0.002100
    3.495999    0.001878
    3.499677    0.001812
    3.503355    0.001716
    3.507033    0.001450
    3.510710    0.001567
    3.514388    0.001401
    3.518066    0.001353
    3.521744    0.001180
    3.525422    0.001182
    3.529100    0.001116
    3.532777    0.000982
    3.536455    0.000918
    3.540133    0.000931
    3.543811    0.000911
    3.547489    0.000817
    3.551167    0.000707
    3.554844    0.000769
    3.558522    0.000599
    3.562200    0.000694
    3.565878    0.000542
    3.569556    0.000542
    3.573233    0.000574
    3.576911    0.000480
    3.580589    0.000433
    3.584267    0.000532
    3.587945    0.000395
    3.591623    0.000375
    3.595300    0.000410
    3.598978    0.000450
    3.602656    0.000298
    3.606334    0.000375
    3.610012    0.000328
    3.613689    0.000454
    3.617367    0.000247
    3.621045    0.000195
    3.624723    0.000238
    3.628401    0.000231
    3.632078    0.000148
    3.635756    0.000131
    3.639434    0.000103
    3.643112    0.000036
    3.646790    0.000151
    3.650468    0.000026
    3.654145    0.000088
    3.657823    0.000009
    3.661501    0.000011
    3.665179    0.000006
    3.668857    0.000011
    3.672534    0.000120
    3.676212    0.000172
    3.679890    0.000135
    3.683568    0.000108
    3.687246    0.000219
    3.690923    0.000252
    3.694601    0.000165
    3.698279    0.000281
    3.701957    0.000318
    3.705635    0.000280
    3.709313    0.000261
    3.712991    0.000239
    3.716668    0.000299
    3.720346    0.000159
    3.724024    0.000176
    3.727702    0.000176
    3.731380    0.000209
    3.735057    0.000093
    3.738735    0.000316
    3.742413    0.000308
    3.746091    0.000196
    3.749768    0.000260
    3.753446    0.000245
    3.757124    0.000167
    3.760802    0.000368
    3.764480    0.000259
    3.768158    0.000277
    3.771836    0.000319
    3.775513    0.000274
    3.779191    0.000246
    3.782869    0.000202
    3.786547    0.000354
    3.790225    0.000236
    3.793902    0.000427
    3.797580    0.000284
    3.801258    0.000422
    3.804936    0.000275
    3.808614    0.000349
    3.812291    0.000312
    3.815969    0.000302
    3.819647    0.000294
    3.823325    0.000299
    3.827003    0.000261
    3.830681    0.000117
    3.834358    0.000266
    3.838036    0.000133
    3.841714    0.000276
    3.845392    0.000226
    3.849070    0.000254
    3.852747    0.000206
    3.856425    0.000245
    3.860103    0.000244
    3.863781    0.000241
    3.867459    0.000272
    3.871136    0.000254
    3.874814    0.000260
    3.878492    0.000259
    3.882170    0.000249
    3.885848    0.000233
    3.889526    0.000219
    3.893203    0.000208
    3.896881    0.000205
    3.900559    0.000205
    3.904237    0.000207
    3.907915    0.000202
    3.911592    0.000195
    3.915270    0.000186
    3.918948    0.000190
    3.922626    0.000199
    3.926304    0.000217
    3.929982    0.000233
    3.933659    0.000247
    3.937337    0.000244
    3.941015    0.000238
    3.944693    0.000227
    3.948371    0.000214
    3.952049    0.000199
    3.955726    0.000179
    3.959404    0.000161
    3.963082    0.000148
    3.966760    0.000156
    3.970438    0.000172
    3.974115    0.000195
    3.977793    0.000207
    3.981471    0.000206
    3.985149    0.000185
    3.988827    0.000161
    3.992505    0.000143
    3.996182    0.000133
    3.999860    0.000135
