   35.000000    0.000088
   35.137123    0.000102
   35.274246    0.000109
   35.411373    0.000116
   35.548496    0.000126
   35.685619    0.000123
   35.822742    0.000092
   35.959866    0.000089
   36.096989    0.000080
   36.234116    0.000054
   36.371239    0.000035
   36.508362    0.000010
   36.645485    0.000005
   36.782608   -0.000025
   36.919731   -0.000044
   37.056858   -0.000034
   37.193981    0.000000
   37.331104    0.000010
   37.468227   -0.000013
   37.605350   -0.000019
   37.742474   -0.000004
   37.879601    0.000007
   38.016724   -0.000010
   38.153847   -0.000029
   38.290970    0.000005
   38.428093    0.000113
   38.565216    0.000301
   38.702343    0.000609
   38.839466    0.001067
   38.976589    0.001568
   39.113712    0.002021
   39.250835    0.002358
   39.387959    0.002601
   39.525085    0.003009
   39.662209    0.003906
   39.799332    0.004749
   39.936455    0.005492
   40.073578    0.006126
   40.210701    0.006638
   40.347828    0.006937
   40.484951    0.007404
   40.622074    0.008386
   40.759197    0.009373
   40.896320    0.010139
   41.033443    0.010640
   41.170570    0.011069
   41.307693    0.011652
   41.444817    0.012324
   41.581940    0.012789
   41.719063    0.013297
   41.856186    0.014164
   41.993313    0.015226
   42.130436    0.016263
   42.267559    0.017236
   42.404682    0.017966
   42.541805    0.018667
   42.678928    0.019939
   42.816055    0.022058
   42.953178    0.024445
   43.090302    0.026772
   43.227425    0.029005
   43.364548    0.031184
   43.501675    0.033117
   43.638798    0.034696
   43.775921    0.035679
   43.913044    0.035645
   44.050167    0.036045
   44.187290    0.037480
   44.324417    0.039315
   44.461540    0.040878
   44.598663    0.041681
   44.735786    0.041162
   44.872910    0.039059
   45.010033    0.036847
   45.147160    0.034137
   45.284283    0.030583
   45.421406    0.026464
   45.558529    0.023102
   45.695652    0.021129
   45.832775    0.020642
   45.969902    0.020811
   46.107025    0.021058
   46.244148    0.021295
   46.381271    0.021848
   46.518394    0.022917
   46.655518    0.023481
   46.792645    0.023632
   46.929768    0.023821
   47.066891    0.024326
   47.204014    0.025069
   47.341137    0.025967
   47.478260    0.027017
   47.615387    0.028599
   47.752510    0.031133
   47.889633    0.033916
   48.026756    0.035281
   48.163879    0.034194
   48.301003    0.033888
   48.438129    0.034708
   48.575253    0.035784
   48.712376    0.036700
   48.849499    0.037788
   48.986622    0.040254
   49.123745    0.045141
   49.260872    0.046435
   49.397995    0.042674
   49.535118    0.037408
   49.672241    0.034970
   49.809364    0.036253
   49.946487    0.037715
   50.083614    0.039587
   50.220737    0.041819
   50.357861    0.043926
   50.494984    0.045655
   50.632107    0.047218
   50.769230    0.048850
   50.906357    0.050608
   51.043480    0.052408
   51.180603    0.054415
   51.317726    0.056820
   51.454849    0.059617
   51.591976    0.062227
   51.729099    0.064500
   51.866222    0.067305
   52.003345    0.070873
   52.140469    0.074963
   52.277592    0.079127
   52.414719    0.083271
   52.551842    0.087188
   52.688965    0.090775
   52.826088    0.093914
   52.963211    0.096518
   53.100334    0.098633
   53.237461    0.100481
   53.374584    0.102014
   53.511707    0.103624
   53.648830    0.105343
   53.785954    0.106634
   53.923077    0.107044
   54.060204    0.106678
   54.197327    0.107149
   54.334450    0.108594
   54.471573    0.109002
   54.608696    0.107969
   54.745819    0.106671
   54.882946    0.107000
   55.020069    0.109238
   55.157192    0.108555
   55.294315    0.105267
   55.431438    0.102270
   55.568562    0.100820
   55.705688    0.100395
   55.842812    0.099073
   55.979935    0.096666
   56.117058    0.094832
   56.254181    0.093565
   56.391304    0.094106
   56.528431    0.097561
   56.665554    0.103502
   56.802677    0.104005
   56.939800    0.099849
   57.076923    0.096756
   57.214046    0.095908
   57.351173    0.096224
   57.488297    0.095768
   57.625420    0.094512
   57.762543    0.094794
   57.899666    0.096546
   58.036789    0.098545
   58.173916    0.100104
   58.311039    0.101450
   58.448162    0.103883
   58.585285    0.107401
   58.722408    0.108916
   58.859531    0.108287
   58.996658    0.106999
   59.133781    0.106760
   59.270905    0.107529
   59.408028    0.108555
   59.545151    0.109721
   59.682274    0.111243
   59.819401    0.113234
   59.956524    0.115342
   60.093647    0.116591
   60.230770    0.116824
   60.367893    0.117483
   60.505016    0.118501
   60.642143    0.119459
   60.779266    0.120200
   60.916389    0.120862
   61.053513    0.122643
   61.190636    0.125374
   61.327763    0.127012
   61.464886    0.127212
   61.602009    0.126887
   61.739132    0.127311
   61.876255    0.128479
   62.013378    0.130960
   62.150505    0.134382
   62.287628    0.136874
   62.424751    0.137580
   62.561874    0.137083
   62.698997    0.136596
   62.836121    0.136145
   62.973248    0.138489
   63.110371    0.143198
   63.247494    0.145671
   63.384617    0.141970
   63.521740    0.133658
   63.658863    0.132827
   63.795990    0.137017
   63.933113    0.139669
   64.070236    0.139704
   64.207359    0.138631
   64.344482    0.138577
   64.481606    0.139373
   64.618729    0.140413
   64.755852    0.141573
   64.892975    0.141789
   65.030106    0.140572
   65.167229    0.138843
   65.304352    0.139384
   65.441475    0.141666
   65.578598    0.143471
   65.715721    0.144788
   65.852844    0.146897
   65.989967    0.151272
   66.127090    0.157424
   66.264214    0.151787
   66.401337    0.139656
   66.538460    0.133186
   66.675591    0.135032
   66.812714    0.141074
   66.949837    0.143459
   67.086960    0.142990
   67.224083    0.147520
   67.361206    0.155630
   67.498329    0.163521
   67.635452    0.168111
   67.772575    0.170633
   67.909698    0.177259
   68.046822    0.186553
   68.183952    0.194584
   68.321075    0.200948
   68.458199    0.206125
   68.595322    0.210142
   68.732445    0.212993
   68.869568    0.214933
   69.006691    0.214793
   69.143814    0.214602
   69.280937    0.212206
   69.418060    0.208740
   69.555183    0.202444
   69.692307    0.193367
   69.829437    0.183239
   69.966560    0.170652
   70.103683    0.156780
   70.240807    0.140753
   70.377930    0.124435
   70.515053    0.110996
   70.652176    0.099487
   70.789299    0.088170
   70.926422    0.078297
   71.063545    0.068374
   71.200668    0.058923
   71.337799    0.050041
   71.474922    0.043388
   71.612045    0.038268
   71.749168    0.033154
   71.886292    0.028592
   72.023415    0.024214
   72.160538    0.021559
   72.297661    0.019379
   72.434784    0.017559
   72.571907    0.015792
   72.709030    0.014213
   72.846153    0.012691
   72.983284    0.011267
   73.120407    0.010211
   73.257530    0.009264
   73.394653    0.008379
   73.531776    0.007423
   73.668900    0.006658
   73.806023    0.005941
   73.943146    0.005400
   74.080269    0.004826
   74.217392    0.004316
   74.354515    0.003830
   74.491638    0.003388
   74.628769    0.002952
   74.765892    0.002530
   74.903015    0.002094
   75.040138    0.001621
   75.177261    0.001143
   75.314384    0.000724
   75.451508    0.000346
   75.588631    0.000111
   75.725754   -0.000063
   75.862877   -0.000085
   76.000000   -0.000083
