       1000.0000   6.3652000e-07
       990.09901   8.0379121e-07
       980.39216   9.1146701e-07
       971.81730   9.7184105e-07
       962.46391   1.0313655e-06
       953.28885   1.0442176e-06
       944.28706   1.2828988e-06
       936.32959   1.4447561e-06
       927.64378   1.6514087e-06
       919.11765   0.00064714637
       910.74681   0.00062735632
       902.52708   0.00065326873
       895.25515   0.00067800830
       887.31145   0.00081751809
       879.50748   0.00081687970
       871.83958   0.00086494266
       864.30424   0.00090864214
       857.63293    0.0010475270
       850.34014    0.0011576666
       843.17032    0.0013060255
       836.12040    0.0014101221
       829.87552    0.0014042204
       823.04527    0.0015219725
       816.32653    0.0015168974
       809.71660    0.0016313795
       803.21285    0.0017163310
       797.44817    0.0018619146
       791.13924    0.0018633970
       784.92936    0.0020264848
       778.81620    0.0020931000
       772.79753    0.0024318896
       767.45971    0.0026902204
       761.61462    0.0027639742
       755.85790    0.0029733570
       750.18755    0.0034793413
       745.15648    0.0037284883
       739.64497    0.0038980110
       734.21439    0.0042815177
       728.86297    0.0046600923
       723.58900    0.0047568177
       718.90726    0.0054282215
       713.77587    0.0057766221
       708.71722    0.0066237313
       703.72977    0.0069557030
       698.81202    0.0076230844
       694.44444    0.0085623271
       689.65517    0.0099612863
       684.93151     0.011381185
       680.27211     0.012663310
       676.13252     0.014207821
       671.59167     0.015635394
       667.11141     0.016600966
       662.69052     0.019222154
       658.32785     0.021977512
       654.45026     0.023873809
       650.19506     0.028210235
       645.99483     0.034285788
       641.84852     0.041463658
       637.75510     0.049439744
       634.11541     0.060028354
       630.11972     0.074022876
       626.17408     0.094642841
       622.27754      0.12039397
       618.81188      0.16435630
       615.00615      0.24460900
       611.24694      0.43740148
       607.53341       1.0000000
       603.86473      0.99602359
       600.60060      0.97481308
       597.01493      0.96135427
       593.47181      0.98024247
       589.97050      0.93478703
       586.51026      0.88787647
       583.43057      0.88899661
       580.04640      0.86821674
       576.70127      0.88371050
       573.39450      0.89727448
       570.45066      0.89704323
       567.21497      0.87729757
       564.01579      0.85851590
       560.85250      0.79322677
       557.72448      0.76229806
       554.93896      0.77936269
       551.87638      0.75652801
       548.84742      0.75984301
       545.85153      0.78110540
       543.18305      0.77695162
       540.24851      0.78740741
       537.34551      0.77251859
       534.47354      0.75801450
       531.63211      0.76197169
       529.10053      0.71937883
       526.31579      0.69324557
       523.56021      0.68449128
       520.83333      0.70227046
       518.13472      0.69408288
       515.72976      0.68075957
       513.08363      0.69344206
       510.46452      0.67618293
       507.87202      0.65997825
       505.56117      0.67122769
       503.01811      0.67634497
       500.50050      0.67338399
       498.00797      0.66681476
       495.54014      0.66829816
       493.33991      0.66585442
       490.91802      0.67328542
       488.51979      0.66661065
       486.14487      0.65075465
       483.79294      0.62857166
       481.69557      0.60758580
       479.38639      0.61651803
       477.09924      0.61724119
       474.83381      0.63991851
       472.81324      0.64264731
       470.58824      0.66292404
       468.38407      0.66816666
       466.20047      0.67611274
       464.03712      0.64964836
       462.10721      0.64252096
       459.98160      0.62007639
       457.87546      0.59676826
       455.78851      0.59711592
       453.72051      0.60162001
       451.87528      0.60097602
       449.84256      0.60630784
       447.82803      0.63427161
       445.83148      0.62905612
       444.04973      0.63222136
       442.08665      0.62624773
       440.14085      0.61109437
       438.21209      0.59786810
       436.30017      0.59614562
       434.59365      0.60850958
       432.71311      0.59811232
       430.84877      0.59569957
       429.00043      0.57948379
       427.16788      0.56783964
       425.53191      0.55099215
       423.72881      0.53730492
       421.94093      0.51869087
       420.16807      0.50183467
       418.58518      0.48826031
       416.84035      0.47071277
       415.11000      0.42559995
       413.39396      0.37727126
       411.69205      0.32098572
       410.17227      0.25402449
       408.49673      0.19600545
       406.83483      0.14865773
       405.18639      0.11609375
       403.71417     0.091055206
       402.09087     0.070184202
       400.48058     0.054948000
       398.88313     0.042858956
       397.29837     0.032863064
       395.88282     0.025419691
       394.32177     0.019546659
       392.77298     0.014757076
       391.23631     0.010913134
       389.71161    0.0082940158
       388.34951    0.0065687097
       386.84720    0.0051675391
       385.35645    0.0040393254
       383.87716    0.0032779420
       382.55547    0.0026610291
       381.09756    0.0020188822
       379.65072    0.0017361528
       378.21483    0.0014287283
       376.78975    0.0012196907
       375.51633   0.00087652275
       374.11149   0.00071790182
       372.71711   0.00066414596
       371.33309   0.00060229627
       369.95930   0.00061471168
       368.73156   0.00054659293
       367.37693   0.00054565197
       366.03221   0.00054634930
       364.69730   0.00058278387
       363.50418   0.00049873752
       362.18761   0.00043397643
       360.88055   0.00037457272
       359.58288   0.00035028913
       358.29452   0.00041439211
       357.14286   0.00042710131
       355.87189   0.00034097702
       354.60993   0.00027743595
       353.35689   0.00024860735
       352.11268   0.00018462746
       351.00035   0.00011794856
       349.77265   7.7064469e-05
       348.55350   6.0308585e-05
       347.34283   4.5863939e-05
       346.26039   2.8515803e-05
       345.06556   2.3029980e-05
       343.87895   2.0388702e-05
       342.70048   1.0660059e-05
       341.53005   7.6315261e-06
       340.48349   1.0621965e-05
       339.32813   8.9923341e-06
       338.18059   5.3228340e-06
       337.04078   5.2316439e-06
       335.90863   3.9511356e-06
       334.89618   3.9820372e-06
       333.77837   3.6550896e-06
       332.66800   2.3745195e-06
       331.56499   2.1242818e-06
       330.57851   1.3090124e-06
       329.48929   1.1773631e-06
       328.40722   4.8024953e-07
       327.33224   1.3800585e-06
       326.26427   4.4595775e-07
       325.30904   8.0110499e-07
       324.25422   2.3773786e-07
       323.20621   4.4747820e-07
       322.16495   4.8140805e-07
       321.13038   2.1404202e-07
       320.20493   1.5437213e-07
       319.18289   1.8904822e-08
       318.16736   2.1631871e-07
       317.15826   2.2587350e-07
       316.25553   2.1765033e-07
       315.25851  -7.1162138e-08
       314.26776   6.5161078e-08
       313.28321  -1.9079175e-09
       312.30481   7.9056046e-09
       311.42946   8.8846522e-08
       310.46259   1.5051809e-07
       309.50170   2.7519811e-07
       308.54674  -4.7912890e-08
       307.69231  -1.6700049e-08
       306.74847  -1.6739664e-08
       305.81040   8.0388718e-08
       304.87805  -5.3932418e-08
       303.95137   1.0362274e-07
       303.12216   1.0109272e-08
       302.20610  -3.1841247e-08
       301.29557  -6.4819636e-08
       300.39051   6.4754579e-08
       299.49087   3.8269330e-08
       298.68578   5.8186213e-08
       297.79631  -4.7171994e-09
       296.91211  -1.2639720e-08
       296.03316  -1.3804258e-08
       295.24653  -9.2077308e-11
       294.37739  -6.1591254e-10
       293.51335  -9.8259074e-10
       292.65438  -4.2096293e-08
       291.80041  -7.3925390e-09
       291.03609   1.8006479e-08
       290.19153   7.0178228e-09
       289.35185   1.0188395e-08
       288.51702   6.6068722e-09
       287.68700   4.0479155e-09
       286.94405   2.6335360e-09
       286.12303   1.7003750e-10
       285.30670   2.3870944e-10
       284.49502  -4.5874237e-10
       283.76844   2.3305370e-10
       282.96548  -2.9220865e-10
       282.16704  -7.1066323e-10
       281.37310   7.4291578e-10
       280.58361   3.3321573e-10
       279.87685   2.1667157e-10
       279.09573  -1.1602614e-09
       278.31895   1.4281910e-10
       277.54649  -7.1421229e-10
       276.77830  -1.6444877e-10
       276.09056  -9.5730693e-10
       275.33040  -1.5107860e-09
       274.57441   3.2500498e-10
       273.82256  -1.4018961e-09
       273.14941  -9.1969770e-10
       272.40534  -2.3153729e-11
       271.66531   4.8538642e-10
       270.92929   1.2404194e-10
       270.19724   3.9100432e-10
       269.54178   2.5498560e-10
       268.81720  -1.2024741e-10
       268.09651   6.2564423e-10
       267.37968   6.6769368e-10
       266.66667   7.3408683e-12
       266.02820   2.1997857e-10
       265.32237   2.6557208e-10
       264.62027  -2.1569072e-11
       263.92188   1.0657330e-10
       263.29647  -2.2854997e-10
       262.60504  -2.5255347e-10
       261.91723   2.9515145e-10
       261.23302  -6.0117353e-10
       260.55237   7.7785852e-11
       259.94281   1.5561816e-10
       259.26886   1.7308973e-11
       258.59840   9.7468076e-11
       257.93139   2.0679138e-10
       257.33402  -2.5975916e-10
       256.67351   3.5380755e-10
       256.01639   4.3193643e-10
       255.36261   8.0087646e-11
       254.71218   1.3243375e-10
       254.12961   2.9186131e-10
       253.48542   1.8735466e-10
       252.84450   2.3347491e-10
       252.20681   4.3093269e-11
       251.57233  -2.3890799e-10
       251.00402   2.0092253e-10
       250.37556   4.7045035e-11
       249.75025  -9.3574501e-11
       249.12805  -1.0245388e-10
       248.57072  -1.5280806e-10
       247.95438  -1.5124438e-10
       247.34108  -6.0663542e-11
       246.73082  -1.5530022e-10
       246.12355   2.3634910e-10
       245.57957  -4.9483550e-12
       244.97795   2.0804031e-11
       244.37928  -1.4647124e-10
       243.78352  -1.9153127e-10
       243.19066  -1.3179689e-11
       242.65955  -3.6949529e-13
       242.07214   3.3382102e-11
       241.48756   3.5004567e-12
       240.90581  -1.7255446e-11
       240.38462  -2.7433781e-12
       239.80815   6.0345366e-11
       239.23445  -2.6839442e-11
       238.66348   3.4333061e-11
       238.09524  -6.5017663e-11
       237.58612  -1.8842609e-11
       237.02299   2.8304588e-11
       236.46252   8.5304799e-11
       235.90469  -5.7522612e-11
       235.34949   4.3434360e-11
       234.85204   3.1406559e-11
       234.30178   2.3614378e-10
       233.75409   2.2109101e-10
       233.20896  -3.9103311e-11
       232.72050  -1.5151972e-10
       232.18017   1.8033860e-11
       231.64234   2.4523117e-10
       231.10700   3.3366237e-10
       230.57413   2.2674313e-11
       230.09664  -2.8466022e-11
       229.56841  -4.0694546e-11
       229.04260  -6.8978576e-11
       228.51920  -2.3683375e-13
       227.99818  -2.1334539e-12
       227.53129  -5.0947921e-12
       227.01476   3.1236234e-11
       226.50057   6.8799811e-11
       225.98870   1.7515408e-11
       225.53000   1.6632678e-11
       225.02250   8.4942247e-12
       224.51729   1.4883493e-11
       224.01434   2.6711572e-12
       223.51363   4.3257570e-11
       223.06491  -8.7853521e-11
       222.56844  -8.0118908e-12
       222.07417  -3.8048809e-11
       221.58210  -6.7197720e-12
       221.09220  -2.4150171e-11
       220.65313  -1.0951179e-11
       220.16733   5.6132981e-11
       219.68366   1.4414658e-11
       219.20210   7.7572323e-11
       218.77051  -1.4641412e-11
       218.29295   5.4582068e-11
       217.81747   5.8071068e-11
       217.34406  -4.7131120e-11
       216.87270  -4.6194199e-11
       216.45022  -3.8494563e-11
       215.98272  -1.4628839e-11
       215.51724   2.4522724e-12
       215.05376  -2.1916988e-11
       214.63833  -4.0708253e-11
       214.17862  -6.2110522e-11
       213.72088  -4.9496110e-11
       213.26509  -8.8663408e-11
       212.81124  -7.6516525e-11
       212.40442  -2.0278219e-11
       211.95422   3.5353972e-11
       211.50592   8.3620113e-11
       211.05952   2.7724846e-11
       210.61500  -4.6536587e-11
       210.21652   4.3143973e-11
       209.77554   2.2652098e-10
       209.33640   1.2891454e-10
       208.89910  -2.2557336e-11
       208.50709   2.0563566e-10
       208.07324   3.3776803e-10
       207.64120  -2.6072636e-10
       207.21094  -1.8024133e-10
       206.78246   1.6485435e-09
       206.39835  -2.9246137e-10
       205.97322   9.1850531e-10
       205.54985  -2.9543725e-09
       205.12821   5.3215589e-09
       204.70829  -1.9152989e-09
       204.33183  -3.6365276e-10
       203.91517   6.0490492e-10
       203.50020   1.9654468e-09
       203.08692   2.4149508e-10
       202.71640  -2.5438449e-10
       202.30629   4.5710512e-10
       201.89784   4.0254901e-11
       201.49103  -1.9543957e-12
       201.08586   3.0260267e-10
       200.72260   2.6982018e-10
       200.32051   1.7860106e-10
       199.92003  -5.6256358e-11
       199.52115   2.8509768e-10
       199.12386   4.0824353e-10
       198.76764   8.3217062e-11
       198.37334   1.1463147e-10
       197.98060   1.0966982e-10
       197.58941   1.5821902e-10
       197.23866   6.5242922e-11
       196.85039   2.5256324e-10
       196.46365   5.0560857e-11
       196.07843   9.1524395e-11
       195.69472   1.0975642e-10
       195.35065   1.2916201e-10
       194.96978   1.0669678e-10
       194.59039   6.8204429e-11
       194.21247   5.4818829e-11
       193.83601   5.2191444e-11
       193.49845   1.3098541e-10
       193.12476   6.3974281e-11
       192.75251   4.5025139e-11
       192.38169   4.8065765e-11
       192.04916   1.6363898e-11
       191.68104   9.5339106e-11
       191.31433   1.1434593e-10
       190.94902   2.7417933e-11
       190.58510   3.7353937e-11
       190.25875   5.4743698e-11
       189.89746   7.3251445e-11
       189.53753   8.9624372e-11
       189.17896   3.4078989e-11
       188.85741   4.8291997e-11
       188.50141   6.6252000e-11
       188.14675   6.8773925e-11
       187.79343   1.6316356e-10
       187.44142   2.4184535e-10
       187.12575   1.8802834e-10
       186.77624   2.3873029e-10
       186.42804   3.6451601e-10
       186.08113   5.9564341e-10
       185.73551   7.1551950e-10
       185.42555   8.9385185e-10
       185.08236   8.6002621e-10
       184.74044   7.6875821e-10
       184.39978   6.2939408e-10
       184.09426   8.0463217e-10
       183.75597   7.7194282e-10
       183.41893   9.8586209e-10
       183.08312   1.0203401e-09
       182.74854   1.0917999e-09
       182.44846   1.0714576e-09
       182.11619   1.0545299e-09
       181.78513   9.4429111e-10
       181.45527   1.0755408e-09
       181.12661   1.3055595e-09
       180.83183   1.9497858e-09
       180.50542   2.8448674e-09
       180.18018   3.5335019e-09
       179.85612   3.5737907e-09
       179.56545   2.8485242e-09
       179.24359   2.1998899e-09
       178.92288   1.5943760e-09
       178.60332   1.1937997e-09
       178.28490   1.0567011e-09
       177.99929   1.0664822e-09
       177.68301   8.2741729e-10
       177.36786   6.5291116e-10
       177.05382   5.2875941e-10
       176.74090   3.5144779e-10
       176.46021   2.6448733e-10
       176.14937   1.8996817e-10
       175.83963   1.5678296e-10
       175.53098   8.3943607e-11
       175.25412   1.3300617e-10
       174.94752   9.5230598e-11
       174.64198   1.5854252e-11
       174.33752   1.3254196e-10
       174.03411   1.4966646e-10
       173.76195   1.0266156e-10
       173.46054   1.4887065e-10
       173.16017   8.3233084e-11
       172.86085   5.5893275e-11
       172.56255   8.1275503e-11
       172.29497   1.5677508e-10
       171.99862   5.1755671e-12
       171.70330   3.6045280e-11
       171.40898   7.7734222e-11
       171.14496   5.5422874e-11
       170.85255   5.0560146e-11
       170.56115   6.6913746e-11
       170.27073  -1.8767452e-11
       169.98130  -2.2438146e-11
       169.72166   1.8006570e-11
       169.43409  -2.2375690e-11
       169.14750  -3.6138443e-12
       168.86187  -4.2419661e-11
       168.57721   6.2790692e-11
       168.32183   5.7409982e-11
       168.03899   2.9741049e-10
       167.75709   1.0471449e-10
       167.47613  -9.2453986e-11
       167.22408  -5.7265557e-11
       166.94491  -8.6085217e-11
       166.66667   1.4250969e-11
