 ================================================================================
                       FILTER: SUBMM 850 microns
     Institut d'Astrophysique Spatiale, Orsay http://wwwfirback.ias.u-psud.fr   
 ================================================================================
 This is the file SUBMM_850.DAT written by H. Dole on Tue Mar 14 12:02:06 2000
 
 600.00000   0.00000000
 601.00000   0.00000000
 602.00000   0.00000000
 603.00000   0.00000000
 604.00000   0.00000000
 605.00000   0.00000000
 606.00000   0.00000000
 607.00000   0.00000000
 608.00000   0.00000000
 609.00000   0.00000000
 610.00000   0.00000000
 611.00000   0.00000000
 612.00000   0.00000000
 613.00000   0.00000000
 614.00000   0.00000000
 615.00000   0.00000000
 616.00000   0.00000000
 617.00000   0.00000000
 618.00000   0.00000000
 619.00000   0.00000000
 620.00000   0.00000000
 621.00000   0.00000000
 622.00000   0.00000000
 623.00000   0.00000000
 624.00000   0.00000000
 625.00000   0.00000000
 626.00000   0.00000000
 627.00000   0.00000000
 628.00000   0.00000000
 629.00000   0.00000000
 630.00000   0.00000000
 631.00000   0.00000000
 632.00000   0.00000000
 633.00000   0.00000000
 634.00000   0.00000000
 635.00000   0.00000000
 636.00000   0.00000000
 637.00000   0.00000000
 638.00000   0.00000000
 639.00000   0.00000000
 640.00000   0.00000000
 641.00000   0.00000000
 642.00000   0.00000000
 643.00000   0.00000000
 644.00000   0.00000000
 645.00000   0.00000000
 646.00000   0.00000000
 647.00000   0.00000000
 648.00000   0.00000000
 649.00000   0.00000000
 650.00000   0.00000000
 651.00000   0.00000000
 652.00000   0.00000000
 653.00000   0.00000000
 654.00000   0.00000000
 655.00000   0.00000000
 656.00000   0.00000000
 657.00000   0.00000000
 658.00000   0.00000000
 659.00000   0.00000000
 660.00000   0.00000000
 661.00000   0.00000000
 662.00000   0.00000000
 663.00000   0.00000000
 664.00000   0.00000000
 665.00000   0.00000000
 666.00000   0.00000000
 667.00000   0.00000000
 668.00000   0.00000000
 669.00000   0.00000000
 670.00000   0.00000000
 671.00000   0.00000000
 672.00000   0.00000000
 673.00000   0.00000000
 674.00000   0.00000000
 675.00000   0.00000000
 676.00000   0.00000000
 677.00000   0.00000000
 678.00000   0.00000000
 679.00000   0.00000000
 680.00000   0.00000000
 681.00000   0.00000000
 682.00000   0.00000000
 683.00000   0.00000000
 684.00000   0.00000000
 685.00000   0.00000000
 686.00000   0.00000000
 687.00000   0.00000000
 688.00000   0.00000000
 689.00000   0.00000000
 690.00000   0.00000000
 691.00000   0.00000000
 692.00000   0.00000000
 693.00000   0.00000000
 694.00000   0.00000000
 695.00000   0.00000000
 696.00000   0.00000000
 697.00000   0.00000000
 698.00000   0.00000000
 699.00000   0.00000000
 700.00000   0.00000000
 701.00000   0.00000000
 702.00000   0.00000000
 703.00000   0.00000000
 704.00000   0.00000000
 705.00000   0.00000000
 706.00000   0.00000000
 707.00000   0.00000000
 708.00000   0.00000000
 709.00000   1.00000000
 710.00000   1.00000000
 711.00000   1.00000000
 712.00000   1.00000000
 713.00000   1.00000000
 714.00000   1.00000000
 715.00000   1.00000000
 716.00000   1.00000000
 717.00000   1.00000000
 718.00000   1.00000000
 719.00000   1.00000000
 720.00000   1.00000000
 721.00000   1.00000000
 722.00000   1.00000000
 723.00000   1.00000000
 724.00000   1.00000000
 725.00000   1.00000000
 726.00000   1.00000000
 727.00000   1.00000000
 728.00000   1.00000000
 729.00000   1.00000000
 730.00000   1.00000000
 731.00000   1.00000000
 732.00000   1.00000000
 733.00000   1.00000000
 734.00000   1.00000000
 735.00000   1.00000000
 736.00000   1.00000000
 737.00000   1.00000000
 738.00000   1.00000000
 739.00000   1.00000000
 740.00000   1.00000000
 741.00000   1.00000000
 742.00000   1.00000000
 743.00000   1.00000000
 744.00000   1.00000000
 745.00000   1.00000000
 746.00000   1.00000000
 747.00000   1.00000000
 748.00000   1.00000000
 749.00000   1.00000000
 750.00000   1.00000000
 751.00000   1.00000000
 752.00000   1.00000000
 753.00000   1.00000000
 754.00000   1.00000000
 755.00000   1.00000000
 756.00000   1.00000000
 757.00000   1.00000000
 758.00000   1.00000000
 759.00000   1.00000000
 760.00000   1.00000000
 761.00000   1.00000000
 762.00000   1.00000000
 763.00000   1.00000000
 764.00000   1.00000000
 765.00000   1.00000000
 766.00000   1.00000000
 767.00000   1.00000000
 768.00000   1.00000000
 769.00000   1.00000000
 770.00000   1.00000000
 771.00000   1.00000000
 772.00000   1.00000000
 773.00000   1.00000000
 774.00000   1.00000000
 775.00000   1.00000000
 776.00000   1.00000000
 777.00000   1.00000000
 778.00000   1.00000000
 779.00000   1.00000000
 780.00000   1.00000000
 781.00000   1.00000000
 782.00000   1.00000000
 783.00000   1.00000000
 784.00000   1.00000000
 785.00000   1.00000000
 786.00000   1.00000000
 787.00000   1.00000000
 788.00000   1.00000000
 789.00000   1.00000000
 790.00000   1.00000000
 791.00000   1.00000000
 792.00000   1.00000000
 793.00000   1.00000000
 794.00000   1.00000000
 795.00000   1.00000000
 796.00000   1.00000000
 797.00000   1.00000000
 798.00000   1.00000000
 799.00000   1.00000000
 800.00000   1.00000000
 801.00000   1.00000000
 802.00000   1.00000000
 803.00000   1.00000000
 804.00000   1.00000000
 805.00000   1.00000000
 806.00000   1.00000000
 807.00000   1.00000000
 808.00000   1.00000000
 809.00000   1.00000000
 810.00000   1.00000000
 811.00000   1.00000000
 812.00000   1.00000000
 813.00000   1.00000000
 814.00000   1.00000000
 815.00000   1.00000000
 816.00000   1.00000000
 817.00000   1.00000000
 818.00000   1.00000000
 819.00000   1.00000000
 820.00000   1.00000000
 821.00000   1.00000000
 822.00000   1.00000000
 823.00000   1.00000000
 824.00000   1.00000000
 825.00000   1.00000000
 826.00000   1.00000000
 827.00000   1.00000000
 828.00000   1.00000000
 829.00000   1.00000000
 830.00000   1.00000000
 831.00000   1.00000000
 832.00000   1.00000000
 833.00000   1.00000000
 834.00000   1.00000000
 835.00000   1.00000000
 836.00000   1.00000000
 837.00000   1.00000000
 838.00000   1.00000000
 839.00000   1.00000000
 840.00000   1.00000000
 841.00000   1.00000000
 842.00000   1.00000000
 843.00000   1.00000000
 844.00000   1.00000000
 845.00000   1.00000000
 846.00000   1.00000000
 847.00000   1.00000000
 848.00000   1.00000000
 849.00000   1.00000000
 850.00000   1.00000000
 851.00000   1.00000000
 852.00000   1.00000000
 853.00000   1.00000000
 854.00000   1.00000000
 855.00000   1.00000000
 856.00000   1.00000000
 857.00000   1.00000000
 858.00000   1.00000000
 859.00000   1.00000000
 860.00000   1.00000000
 861.00000   1.00000000
 862.00000   1.00000000
 863.00000   1.00000000
 864.00000   1.00000000
 865.00000   1.00000000
 866.00000   1.00000000
 867.00000   1.00000000
 868.00000   1.00000000
 869.00000   1.00000000
 870.00000   1.00000000
 871.00000   1.00000000
 872.00000   1.00000000
 873.00000   1.00000000
 874.00000   1.00000000
 875.00000   1.00000000
 876.00000   1.00000000
 877.00000   1.00000000
 878.00000   1.00000000
 879.00000   1.00000000
 880.00000   1.00000000
 881.00000   1.00000000
 882.00000   1.00000000
 883.00000   1.00000000
 884.00000   1.00000000
 885.00000   1.00000000
 886.00000   1.00000000
 887.00000   1.00000000
 888.00000   1.00000000
 889.00000   1.00000000
 890.00000   1.00000000
 891.00000   1.00000000
 892.00000   1.00000000
 893.00000   1.00000000
 894.00000   1.00000000
 895.00000   1.00000000
 896.00000   1.00000000
 897.00000   1.00000000
 898.00000   1.00000000
 899.00000   1.00000000
 900.00000   1.00000000
 901.00000   1.00000000
 902.00000   1.00000000
 903.00000   1.00000000
 904.00000   1.00000000
 905.00000   1.00000000
 906.00000   1.00000000
 907.00000   1.00000000
 908.00000   1.00000000
 909.00000   1.00000000
 910.00000   1.00000000
 911.00000   1.00000000
 912.00000   1.00000000
 913.00000   1.00000000
 914.00000   1.00000000
 915.00000   1.00000000
 916.00000   1.00000000
 917.00000   1.00000000
 918.00000   1.00000000
 919.00000   1.00000000
 920.00000   1.00000000
 921.00000   1.00000000
 922.00000   1.00000000
 923.00000   1.00000000
 924.00000   1.00000000
 925.00000   1.00000000
 926.00000   1.00000000
 927.00000   1.00000000
 928.00000   1.00000000
 929.00000   1.00000000
 930.00000   1.00000000
 931.00000   1.00000000
 932.00000   1.00000000
 933.00000   1.00000000
 934.00000   1.00000000
 935.00000   1.00000000
 936.00000   1.00000000
 937.00000   1.00000000
 938.00000   1.00000000
 939.00000   1.00000000
 940.00000   1.00000000
 941.00000   1.00000000
 942.00000   1.00000000
 943.00000   1.00000000
 944.00000   1.00000000
 945.00000   1.00000000
 946.00000   1.00000000
 947.00000   1.00000000
 948.00000   1.00000000
 949.00000   1.00000000
 950.00000   1.00000000
 951.00000   1.00000000
 952.00000   1.00000000
 953.00000   1.00000000
 954.00000   1.00000000
 955.00000   1.00000000
 956.00000   1.00000000
 957.00000   1.00000000
 958.00000   1.00000000
 959.00000   1.00000000
 960.00000   1.00000000
 961.00000   1.00000000
 962.00000   1.00000000
 963.00000   1.00000000
 964.00000   1.00000000
 965.00000   1.00000000
 966.00000   1.00000000
 967.00000   1.00000000
 968.00000   1.00000000
 969.00000   1.00000000
 970.00000   1.00000000
 971.00000   1.00000000
 972.00000   1.00000000
 973.00000   1.00000000
 974.00000   1.00000000
 975.00000   1.00000000
 976.00000   1.00000000
 977.00000   1.00000000
 978.00000   1.00000000
 979.00000   1.00000000
 980.00000   1.00000000
 981.00000   1.00000000
 982.00000   1.00000000
 983.00000   1.00000000
 984.00000   1.00000000
 985.00000   1.00000000
 986.00000   1.00000000
 987.00000   1.00000000
 988.00000   1.00000000
 989.00000   1.00000000
 990.00000   1.00000000
 991.00000   1.00000000
 992.00000   0.00000000
 993.00000   0.00000000
 994.00000   0.00000000
 995.00000   0.00000000
 996.00000   0.00000000
 997.00000   0.00000000
 998.00000   0.00000000
 999.00000   0.00000000
1000.00000   0.00000000
1001.00000   0.00000000
1002.00000   0.00000000
1003.00000   0.00000000
1004.00000   0.00000000
1005.00000   0.00000000
1006.00000   0.00000000
1007.00000   0.00000000
1008.00000   0.00000000
1009.00000   0.00000000
1010.00000   0.00000000
1011.00000   0.00000000
1012.00000   0.00000000
1013.00000   0.00000000
1014.00000   0.00000000
1015.00000   0.00000000
1016.00000   0.00000000
1017.00000   0.00000000
1018.00000   0.00000000
1019.00000   0.00000000
1020.00000   0.00000000
1021.00000   0.00000000
1022.00000   0.00000000
1023.00000   0.00000000
1024.00000   0.00000000
1025.00000   0.00000000
1026.00000   0.00000000
1027.00000   0.00000000
1028.00000   0.00000000
1029.00000   0.00000000
1030.00000   0.00000000
1031.00000   0.00000000
1032.00000   0.00000000
1033.00000   0.00000000
1034.00000   0.00000000
1035.00000   0.00000000
1036.00000   0.00000000
1037.00000   0.00000000
1038.00000   0.00000000
1039.00000   0.00000000
1040.00000   0.00000000
1041.00000   0.00000000
1042.00000   0.00000000
1043.00000   0.00000000
1044.00000   0.00000000
1045.00000   0.00000000
1046.00000   0.00000000
1047.00000   0.00000000
1048.00000   0.00000000
1049.00000   0.00000000
1050.00000   0.00000000
1051.00000   0.00000000
1052.00000   0.00000000
1053.00000   0.00000000
1054.00000   0.00000000
1055.00000   0.00000000
1056.00000   0.00000000
1057.00000   0.00000000
1058.00000   0.00000000
1059.00000   0.00000000
1060.00000   0.00000000
1061.00000   0.00000000
1062.00000   0.00000000
1063.00000   0.00000000
1064.00000   0.00000000
1065.00000   0.00000000
1066.00000   0.00000000
1067.00000   0.00000000
1068.00000   0.00000000
1069.00000   0.00000000
1070.00000   0.00000000
1071.00000   0.00000000
1072.00000   0.00000000
1073.00000   0.00000000
1074.00000   0.00000000
1075.00000   0.00000000
1076.00000   0.00000000
1077.00000   0.00000000
1078.00000   0.00000000
1079.00000   0.00000000
1080.00000   0.00000000
1081.00000   0.00000000
1082.00000   0.00000000
1083.00000   0.00000000
1084.00000   0.00000000
1085.00000   0.00000000
1086.00000   0.00000000
1087.00000   0.00000000
1088.00000   0.00000000
1089.00000   0.00000000
1090.00000   0.00000000
1091.00000   0.00000000
1092.00000   0.00000000
1093.00000   0.00000000
1094.00000   0.00000000
1095.00000   0.00000000
1096.00000   0.00000000
1097.00000   0.00000000
1098.00000   0.00000000
1099.00000   0.00000000
 
 
 this file was generated with filters_submm.pro
